0 61 2 33 1 18 0
1 78 0 97 0 20 0
0 61 2 60 1 42 2
0 94 3 0 0 9 3
0 82 2 88 3 88 1
0 6 1 71 0 29 0
0 49 1 24 3 27 0
0 21 2 6 3 29 2
1 91 2 85 1 44 2
0 32 3 4 2 73 3
0 2 0 54 0 25 2
1 4 2 3 1 81 2
0 62 0 71 1 34 1
0 30 3 98 2 86 2
0 11 2 74 2 30 0
0 7 2 89 3 77 0
0 58 2 36 0 75 3
0 61 0 4 0 7 3
0 46 1 7 1 91 1
1 73 2 93 0 24 2
1 1 3 35 3 33 3
0 60 3 10 2 55 2
0 63 1 72 1 31 3
0 74 1 90 0 79 3
0 55 2 24 1 45 3
0 30 3 4 3 22 2
1 77 1 31 0 54 3
1 37 3 20 0 52 2
0 83 1 92 2 63 0
1 60 0 20 3 19 0
0 41 3 47 2 72 2
1 78 1 64 0 20 0
0 72 2 92 3 92 0
0 7 1 45 0 37 1
1 56 2 93 1 33 0
1 57 2 82 3 3 3
1 24 3 31 0 82 3
0 74 0 54 1 17 3
1 54 1 12 2 11 1
1 44 1 78 1 67 1
0 71 0 92 3 47 3
1 29 3 51 3 63 1
1 80 1 42 2 26 3
0 37 0 7 1 62 1
0 81 2 74 0 14 2
1 62 2 99 3 45 2
1 60 0 88 0 17 2
0 95 1 26 0 2 1
1 16 2 3 1 25 1
0 39 0 5 1 94 0
1 91 3 44 3 67 0
1 84 2 73 3 4 3
1 58 0 80 2 10 3
1 35 0 77 3 64 3
0 58 3 73 1 46 1
0 13 1 95 1 68 0
0 24 3 95 2 59 3
0 70 2 83 1 27 1
0 91 0 61 2 83 2
1 82 0 52 3 57 3
1 77 0 29 1 43 1
1 55 0 95 1 15 3
0 94 0 19 1 88 0
1 71 2 87 1 22 3
0 66 3 13 3 51 3
0 55 0 22 0 56 3
0 54 1 73 1 50 1
0 16 0 84 2 31 2
1 56 1 0 2 69 1
1 72 0 9 3 80 0
1 36 3 99 3 36 0
0 39 1 40 3 37 1
1 69 3 32 1 84 0
1 5 2 45 1 98 2
0 31 2 83 3 49 3
0 38 3 95 1 21 3
0 10 0 93 3 59 1
0 96 2 60 1 64 1
1 14 3 35 1 54 3
1 55 2 79 1 65 2
0 38 2 14 1 74 3
0 34 1 89 2 3 1
1 19 2 14 1 25 2
1 79 1 48 3 79 3
0 44 2 59 3 68 1
0 94 1 64 0 26 1
0 81 2 46 0 68 0
1 94 2 20 1 87 0
0 66 0 93 3 58 0
0 26 1 82 0 14 2
1 92 0 63 1 14 1
1 83 2 15 1 88 3
0 28 0 15 2 60 0
1 18 0 7 0 41 1
0 8 0 69 0 0 1
0 81 2 46 0 68 0
1 94 2 20 1 87 0
0 66 0 93 3 58 0
0 26 1 82 0 14 2
-1 14 2 55 1 20 2