1 174531 0 131014 3 124448 3
2 794328 1 71102 0 621477 2
2 111565 1 283227 0 982376 2
1 13325 1 123103 2 310302 0
1 977705 0 501784 0 362940 2
2 487388 1 908800 1 916775 2
2 54604 0 467238 1 782026 1
2 280754 3 366472 3 220460 3
2 530762 0 84715 3 787516 0
1 150456 2 128107 0 443932 0
2 360707 2 806038 3 136835 0
2 435213 1 718722 3 665364 2
2 885824 2 327764 2 132738 0
1 920254 0 167518 2 767334 1
1 727618 1 177172 1 865696 2
2 2531 3 634174 0 345636 0
2 11001 3 196462 1 78269 3
1 211007 3 303874 1 517447 0
2 801133 1 459581 0 648607 1
2 514303 0 186122 2 941859 0
1 287495 1 173697 0 676692 0
1 754961 3 574142 0 929206 0
2 446653 0 331904 2 181833 1
1 346792 3 942672 3 597259 2
2 55470 3 914267 1 671340 1
1 348032 1 902192 1 934272 2
2 863478 2 198894 3 285518 2
2 983703 3 883512 0 815930 0
2 929541 2 634929 3 936773 0
2 124465 1 518495 1 160694 3
1 94966 1 193507 0 833131 1
2 635001 3 891901 0 827243 1
1 643173 1 173496 3 105631 1
1 558757 1 918407 2 543839 2
1 220885 1 796618 0 852722 2
1 685853 3 608280 2 887487 1
2 231082 2 437815 3 942599 3
1 48230 0 37401 3 326414 0
1 386605 3 994986 2 348412 0
1 201135 2 230343 0 229666 3
2 633505 0 212810 3 163454 1
1 622405 1 734869 3 230729 2
2 557143 2 633241 0 702549 3
2 567314 3 507285 1 266970 0
2 496636 3 445040 1 980463 2
1 660269 0 798978 2 119469 3
1 866550 1 296341 2 99604 2
1 318505 1 984089 3 526696 3
1 793666 3 375114 2 387015 2
2 367478 1 480579 0 851889 2
1 487710 1 812788 0 184931 1
1 800887 3 210805 0 629224 2
1 155921 1 724888 3 980681 2
1 367696 1 725741 2 979922 1
1 348163 3 138753 1 364692 1
2 65975 3 33496 2 132086 1
2 277663 3 540523 0 190873 3
2 171554 2 172117 2 867331 3
1 363605 0 619107 0 171819 0
2 52863 1 319534 3 319128 2
2 967567 3 4660 2 618287 3
1 809160 3 94689 2 757769 3
1 625100 2 376148 1 366958 3
2 55129 3 829874 0 495221 0
2 330701 3 761589 0 681530 1
1 816169 1 255016 1 187436 2
2 945205 1 224119 1 362939 0
1 246249 3 841243 2 897695 1
1 909268 1 668906 1 904724 3
1 102607 0 114440 0 57233 1
1 761021 3 215557 2 917436 1
2 796727 1 417301 0 700876 0
1 598571 1 270076 3 331947 2
2 753023 1 835103 2 115278 3
2 688863 0 351217 1 619923 2
2 537359 3 14403 2 595452 0
1 296329 1 754120 0 201670 1
1 49969 3 699605 1 398065 0
2 513343 3 465734 2 385012 3
2 4935 2 389963 3 422881 2
2 18334 2 318852 3 591727 0
2 309750 1 161359 3 609405 0
1 7470 0 370392 1 461684 2
2 846696 2 956871 3 553156 2
1 976037 0 852068 3 652678 0
1 760758 0 551302 0 890118 1
2 15875 2 141996 1 34706 0
1 12742 2 332585 2 1592 0
1 71100 2 686756 2 969250 0
2 138281 0 866896 3 19045 2
2 425515 3 432478 2 253541 2
2 288248 2 41597 2 468081 2
2 986025 3 453259 2 398041 3
1 367292 0 662125 1 453992 1
1 473037 3 406863 0 110783 1
1 364324 0 321029 0 566086 2
2 34167 1 179400 1 982208 3
2 380249 2 214287 1 570 0
1 454563 2 690430 0 901709 1
2 12492 3 231503 1 415859 1
1 174531 0 131014 3 124448 3
2 794328 1 71102 0 621477 2
2 111565 1 283227 0 982376 2
1 13325 1 123103 2 310302 0
1 977705 0 501784 0 362940 2
2 487388 1 908800 1 916775 2
2 54604 0 467238 1 782026 1
2 280754 3 366472 3 220460 3
2 530762 0 84715 3 787516 0
1 150456 2 128107 0 443932 0
2 360707 2 806038 3 136835 0
2 435213 1 718722 3 665364 2
2 885824 2 327764 2 132738 0
1 920254 0 167518 2 767334 1
1 727618 1 177172 1 865696 2
2 2531 3 634174 0 345636 0
2 11001 3 196462 1 78269 3
1 211007 3 303874 1 517447 0
2 801133 1 459581 0 648607 1
2 514303 0 186122 2 941859 0
1 287495 1 173697 0 676692 0
1 754961 3 574142 0 929206 0
2 446653 0 331904 2 181833 1
1 346792 3 942672 3 597259 2
2 55470 3 914267 1 671340 1
1 348032 1 902192 1 934272 2
2 863478 2 198894 3 285518 2
2 983703 3 883512 0 815930 0
2 929541 2 634929 3 936773 0
2 124465 1 518495 1 160694 3
1 94966 1 193507 0 833131 1
2 635001 3 891901 0 827243 1
1 643173 1 173496 3 105631 1
1 558757 1 918407 2 543839 2
1 220885 1 796618 0 852722 2
1 685853 3 608280 2 887487 1
2 231082 2 437815 3 942599 3
1 48230 0 37401 3 326414 0
1 386605 3 994986 2 348412 0
1 201135 2 230343 0 229666 3
2 633505 0 212810 3 163454 1
1 622405 1 734869 3 230729 2
2 557143 2 633241 0 702549 3
2 567314 3 507285 1 266970 0
2 496636 3 445040 1 980463 2
1 660269 0 798978 2 119469 3
1 866550 1 296341 2 99604 2
1 318505 1 984089 3 526696 3
1 793666 3 375114 2 387015 2
2 367478 1 480579 0 851889 2
1 487710 1 812788 0 184931 1
1 800887 3 210805 0 629224 2
1 155921 1 724888 3 980681 2
1 367696 1 725741 2 979922 1
1 348163 3 138753 1 364692 1
2 65975 3 33496 2 132086 1
2 277663 3 540523 0 190873 3
2 171554 2 172117 2 867331 3
1 363605 0 619107 0 171819 0
2 52863 1 319534 3 319128 2
2 967567 3 4660 2 618287 3
1 809160 3 94689 2 757769 3
1 625100 2 376148 1 366958 3
2 55129 3 829874 0 495221 0
2 330701 3 761589 0 681530 1
1 816169 1 255016 1 187436 2
2 945205 1 224119 1 362939 0
1 246249 3 841243 2 897695 1
1 909268 1 668906 1 904724 3
1 102607 0 114440 0 57233 1
1 761021 3 215557 2 917436 1
2 796727 1 417301 0 700876 0
1 598571 1 270076 3 331947 2
2 753023 1 835103 2 115278 3
2 688863 0 351217 1 619923 2
2 537359 3 14403 2 595452 0
1 296329 1 754120 0 201670 1
1 49969 3 699605 1 398065 0
2 513343 3 465734 2 385012 3
2 4935 2 389963 3 422881 2
2 18334 2 318852 3 591727 0
2 309750 1 161359 3 609405 0
1 7470 0 370392 1 461684 2
2 846696 2 956871 3 553156 2
1 976037 0 852068 3 652678 0
1 760758 0 551302 0 890118 1
2 15875 2 141996 1 34706 0
1 12742 2 332585 2 1592 0
1 71100 2 686756 2 969250 0
2 138281 0 866896 3 19045 2
2 425515 3 432478 2 253541 2
2 288248 2 41597 2 468081 2
2 986025 3 453259 2 398041 3
1 367292 0 662125 1 453992 1
1 473037 3 406863 0 110783 1
1 364324 0 321029 0 566086 2
2 34167 1 179400 1 982208 3
2 380249 2 214287 1 570 0
1 454563 2 690430 0 901709 1
2 12492 3 231503 1 415859 1
1 174531 0 131014 3 124448 3
2 794328 1 71102 0 621477 2
2 111565 1 283227 0 982376 2
1 13325 1 123103 2 310302 0
1 977705 0 501784 0 362940 2
2 487388 1 908800 1 916775 2
2 54604 0 467238 1 782026 1
2 280754 3 366472 3 220460 3
2 530762 0 84715 3 787516 0
1 150456 2 128107 0 443932 0
2 360707 2 806038 3 136835 0
2 435213 1 718722 3 665364 2
2 885824 2 327764 2 132738 0
1 920254 0 167518 2 767334 1
1 727618 1 177172 1 865696 2
2 2531 3 634174 0 345636 0
2 11001 3 196462 1 78269 3
1 211007 3 303874 1 517447 0
2 801133 1 459581 0 648607 1
2 514303 0 186122 2 941859 0
1 287495 1 173697 0 676692 0
1 754961 3 574142 0 929206 0
2 446653 0 331904 2 181833 1
1 346792 3 942672 3 597259 2
2 55470 3 914267 1 671340 1
1 348032 1 902192 1 934272 2
2 863478 2 198894 3 285518 2
2 983703 3 883512 0 815930 0
2 929541 2 634929 3 936773 0
2 124465 1 518495 1 160694 3
1 94966 1 193507 0 833131 1
2 635001 3 891901 0 827243 1
1 643173 1 173496 3 105631 1
1 558757 1 918407 2 543839 2
1 220885 1 796618 0 852722 2
1 685853 3 608280 2 887487 1
2 231082 2 437815 3 942599 3
1 48230 0 37401 3 326414 0
1 386605 3 994986 2 348412 0
1 201135 2 230343 0 229666 3
2 633505 0 212810 3 163454 1
1 622405 1 734869 3 230729 2
2 557143 2 633241 0 702549 3
2 567314 3 507285 1 266970 0
2 496636 3 445040 1 980463 2
1 660269 0 798978 2 119469 3
1 866550 1 296341 2 99604 2
1 318505 1 984089 3 526696 3
1 793666 3 375114 2 387015 2
2 367478 1 480579 0 851889 2
1 487710 1 812788 0 184931 1
1 800887 3 210805 0 629224 2
1 155921 1 724888 3 980681 2
1 367696 1 725741 2 979922 1
1 348163 3 138753 1 364692 1
2 65975 3 33496 2 132086 1
2 277663 3 540523 0 190873 3
2 171554 2 172117 2 867331 3
1 363605 0 619107 0 171819 0
2 52863 1 319534 3 319128 2
2 967567 3 4660 2 618287 3
1 809160 3 94689 2 757769 3
1 625100 2 376148 1 366958 3
2 55129 3 829874 0 495221 0
2 330701 3 761589 0 681530 1
1 816169 1 255016 1 187436 2
2 945205 1 224119 1 362939 0
1 246249 3 841243 2 897695 1
1 909268 1 668906 1 904724 3
1 102607 0 114440 0 57233 1
1 761021 3 215557 2 917436 1
2 796727 1 417301 0 700876 0
1 598571 1 270076 3 331947 2
2 753023 1 835103 2 115278 3
2 688863 0 351217 1 619923 2
2 537359 3 14403 2 595452 0
1 296329 1 754120 0 201670 1
1 49969 3 699605 1 398065 0
2 513343 3 465734 2 385012 3
2 4935 2 389963 3 422881 2
2 18334 2 318852 3 591727 0
2 309750 1 161359 3 609405 0
1 7470 0 370392 1 461684 2
2 846696 2 956871 3 553156 2
1 976037 0 852068 3 652678 0
1 760758 0 551302 0 890118 1
2 15875 2 141996 1 34706 0
1 12742 2 332585 2 1592 0
1 71100 2 686756 2 969250 0
2 138281 0 866896 3 19045 2
2 425515 3 432478 2 253541 2
2 288248 2 41597 2 468081 2
2 986025 3 453259 2 398041 3
1 367292 0 662125 1 453992 1
1 473037 3 406863 0 110783 1
1 364324 0 321029 0 566086 2
2 34167 1 179400 1 982208 3
2 380249 2 214287 1 570 0
1 454563 2 690430 0 901709 1
2 12492 3 231503 1 415859 1
2 981945 3 564712 1 233728 0
1 215936 3 179033 2 214854 0
2 215424 0 662250 3 740574 0
1 642284 2 521853 0 935665 0
2 351524 1 159095 1 286457 3
1 520185 0 484000 2 426451 1
1 157657 1 257795 2 391494 1
2 648420 2 738769 0 755404 2
2 207421 3 558834 1 385276 1
1 188085 1 823757 3 491417 1
2 917868 3 358461 2 576200 0
1 484046 2 73437 3 841732 3
2 113488 1 917708 1 668568 3
1 570197 0 321324 2 701617 1
2 193034 3 492706 3 972686 3
2 65238 0 700445 1 552782 2
1 394514 1 653979 2 724327 0
2 392895 3 741469 0 308111 1
2 9729 3 736984 3 242474 3
1 215160 2 565503 2 613690 0
2 166472 3 576843 2 174976 3
1 415655 3 446955 3 916150 0
2 224261 2 525722 2 557205 3
1 799679 2 332180 3 638664 0
2 252355 0 706681 3 785223 0
1 476552 3 630562 3 865914 2
1 782064 2 505106 2 615272 0
1 172477 3 775182 0 367693 3
2 6358 3 347641 1 750439 2
1 535663 2 755466 3 884898 1
1 750812 3 121533 1 827601 3
2 959226 3 877631 3 16411 2
1 384104 1 639911 2 314280 0
2 581071 2 424828 2 928777 2
2 813675 3 66076 3 611630 1
1 955584 0 734679 2 20771 3
2 553534 1 699429 3 58006 1
2 372286 1 559037 1 950528 1
1 879305 3 748097 0 795891 1
2 923873 2 452944 1 365086 3
2 385858 2 389837 0 97763 2
2 155769 3 754189 3 853613 2
2 804141 3 616913 2 10306 2
1 322549 0 215653 3 213670 1
1 95109 1 469204 3 205211 1
2 819327 3 846447 0 958675 0
1 328640 2 566325 1 276361 2
2 803019 0 258061 1 792840 2
1 522863 0 14224 0 547589 0
2 752800 1 68354 3 839833 1
1 314860 1 115784 0 11059 1
2 803772 3 141564 0 995355 1
2 304548 3 104353 3 48355 1
2 595944 2 577026 1 9883 0
1 366068 2 500800 0 657379 0
1 668439 1 133413 3 745800 1
2 257508 2 327716 0 64294 1
2 112649 3 834850 2 734413 0
2 744296 0 494563 1 166494 0
2 823874 0 148426 1 976050 3
1 721850 1 592584 2 747771 0
1 812065 2 963585 3 452073 3
2 702838 3 723352 2 816624 3
2 499470 3 381497 0 406988 3
2 383038 2 361942 0 884931 2
2 149055 2 691069 0 259900 3
2 228325 2 584552 3 212458 0
1 29082 0 452149 0 320859 2
2 727847 1 249314 1 208036 0
1 609319 2 881781 2 473313 2
2 733213 1 154386 3 713300 3
1 442110 3 303704 0 638071 2
1 475283 0 917049 2 18478 0
1 226514 0 111550 1 376107 3
1 849420 1 346407 1 859095 1
1 88747 0 985931 1 835632 3
2 473703 1 67201 2 700398 3
2 718876 3 531541 2 960939 3
2 853398 2 408135 2 784363 2
1 643458 0 411384 1 44124 3
1 879756 3 297815 0 281496 1
1 981894 0 36323 2 48939 0
1 526230 3 976440 1 429137 3
2 213501 2 433307 3 943510 0
2 987634 3 401283 3 961662 3
2 759511 0 105057 1 478792 1
1 527731 1 153744 1 985609 0
1 414746 0 65094 3 719286 1
2 179148 1 139780 2 134157 3
2 612171 2 320432 2 853334 2
1 332126 3 620672 1 825172 0
2 810781 1 896465 0 1121 3
2 236759 1 404390 3 868462 2
2 518971 2 165919 3 358100 3
2 727787 1 681321 1 544120 1
2 369293 2 898998 2 79123 3
1 596596 3 841138 3 282392 0
1 667206 3 864655 2 391285 2
2 265737 2 885554 0 494175 0
1 38296 1 522265 1 10687 3
1 174531 0 131014 3 124448 3
2 794328 1 71102 0 621477 2
2 111565 1 283227 0 982376 2
1 13325 1 123103 2 310302 0
1 977705 0 501784 0 362940 2
2 487388 1 908800 1 916775 2
2 54604 0 467238 1 782026 1
2 280754 3 366472 3 220460 3
2 530762 0 84715 3 787516 0
1 150456 2 128107 0 443932 0
2 360707 2 806038 3 136835 0
2 435213 1 718722 3 665364 2
2 885824 2 327764 2 132738 0
1 920254 0 167518 2 767334 1
1 727618 1 177172 1 865696 2
2 2531 3 634174 0 345636 0
2 11001 3 196462 1 78269 3
1 211007 3 303874 1 517447 0
2 801133 1 459581 0 648607 1
2 514303 0 186122 2 941859 0
1 287495 1 173697 0 676692 0
1 754961 3 574142 0 929206 0
2 446653 0 331904 2 181833 1
1 346792 3 942672 3 597259 2
2 55470 3 914267 1 671340 1
1 348032 1 902192 1 934272 2
2 863478 2 198894 3 285518 2
2 983703 3 883512 0 815930 0
2 929541 2 634929 3 936773 0
2 124465 1 518495 1 160694 3
1 94966 1 193507 0 833131 1
2 635001 3 891901 0 827243 1
1 643173 1 173496 3 105631 1
1 558757 1 918407 2 543839 2
1 220885 1 796618 0 852722 2
1 685853 3 608280 2 887487 1
2 231082 2 437815 3 942599 3
1 48230 0 37401 3 326414 0
1 386605 3 994986 2 348412 0
1 201135 2 230343 0 229666 3
2 633505 0 212810 3 163454 1
1 622405 1 734869 3 230729 2
2 557143 2 633241 0 702549 3
2 567314 3 507285 1 266970 0
2 496636 3 445040 1 980463 2
1 660269 0 798978 2 119469 3
1 866550 1 296341 2 99604 2
1 318505 1 984089 3 526696 3
1 793666 3 375114 2 387015 2
2 367478 1 480579 0 851889 2
1 487710 1 812788 0 184931 1
1 800887 3 210805 0 629224 2
1 155921 1 724888 3 980681 2
1 367696 1 725741 2 979922 1
1 348163 3 138753 1 364692 1
2 65975 3 33496 2 132086 1
2 277663 3 540523 0 190873 3
2 171554 2 172117 2 867331 3
1 363605 0 619107 0 171819 0
2 52863 1 319534 3 319128 2
2 967567 3 4660 2 618287 3
1 809160 3 94689 2 757769 3
1 625100 2 376148 1 366958 3
2 55129 3 829874 0 495221 0
2 330701 3 761589 0 681530 1
1 816169 1 255016 1 187436 2
2 945205 1 224119 1 362939 0
1 246249 3 841243 2 897695 1
1 909268 1 668906 1 904724 3
1 102607 0 114440 0 57233 1
1 761021 3 215557 2 917436 1
2 796727 1 417301 0 700876 0
1 598571 1 270076 3 331947 2
2 753023 1 835103 2 115278 3
2 688863 0 351217 1 619923 2
2 537359 3 14403 2 595452 0
1 296329 1 754120 0 201670 1
1 49969 3 699605 1 398065 0
2 513343 3 465734 2 385012 3
2 4935 2 389963 3 422881 2
2 18334 2 318852 3 591727 0
2 309750 1 161359 3 609405 0
1 7470 0 370392 1 461684 2
2 846696 2 956871 3 553156 2
1 976037 0 852068 3 652678 0
1 760758 0 551302 0 890118 1
2 15875 2 141996 1 34706 0
1 12742 2 332585 2 1592 0
1 71100 2 686756 2 969250 0
2 138281 0 866896 3 19045 2
2 425515 3 432478 2 253541 2
2 288248 2 41597 2 468081 2
2 986025 3 453259 2 398041 3
1 367292 0 662125 1 453992 1
1 473037 3 406863 0 110783 1
1 364324 0 321029 0 566086 2
2 34167 1 179400 1 982208 3
2 380249 2 214287 1 570 0
1 454563 2 690430 0 901709 1
2 12492 3 231503 1 415859 1
1 174531 0 131014 3 124448 3
2 794328 1 71102 0 621477 2
2 111565 1 283227 0 982376 2
1 13325 1 123103 2 310302 0
1 977705 0 501784 0 362940 2
2 487388 1 908800 1 916775 2
2 54604 0 467238 1 782026 1
2 280754 3 366472 3 220460 3
2 530762 0 84715 3 787516 0
1 150456 2 128107 0 443932 0
2 360707 2 806038 3 136835 0
2 435213 1 718722 3 665364 2
2 885824 2 327764 2 132738 0
1 920254 0 167518 2 767334 1
1 727618 1 177172 1 865696 2
2 2531 3 634174 0 345636 0
2 11001 3 196462 1 78269 3
1 211007 3 303874 1 517447 0
2 801133 1 459581 0 648607 1
2 514303 0 186122 2 941859 0
1 287495 1 173697 0 676692 0
1 754961 3 574142 0 929206 0
2 446653 0 331904 2 181833 1
1 346792 3 942672 3 597259 2
2 55470 3 914267 1 671340 1
1 348032 1 902192 1 934272 2
2 863478 2 198894 3 285518 2
2 983703 3 883512 0 815930 0
2 929541 2 634929 3 936773 0
2 124465 1 518495 1 160694 3
1 94966 1 193507 0 833131 1
2 635001 3 891901 0 827243 1
1 643173 1 173496 3 105631 1
1 558757 1 918407 2 543839 2
1 220885 1 796618 0 852722 2
1 685853 3 608280 2 887487 1
2 231082 2 437815 3 942599 3
1 48230 0 37401 3 326414 0
1 386605 3 994986 2 348412 0
1 201135 2 230343 0 229666 3
2 633505 0 212810 3 163454 1
1 622405 1 734869 3 230729 2
2 557143 2 633241 0 702549 3
2 567314 3 507285 1 266970 0
2 496636 3 445040 1 980463 2
1 660269 0 798978 2 119469 3
1 866550 1 296341 2 99604 2
1 318505 1 984089 3 526696 3
1 793666 3 375114 2 387015 2
2 367478 1 480579 0 851889 2
1 487710 1 812788 0 184931 1
1 800887 3 210805 0 629224 2
1 155921 1 724888 3 980681 2
1 367696 1 725741 2 979922 1
1 348163 3 138753 1 364692 1
2 65975 3 33496 2 132086 1
2 277663 3 540523 0 190873 3
2 171554 2 172117 2 867331 3
1 363605 0 619107 0 171819 0
2 52863 1 319534 3 319128 2
2 967567 3 4660 2 618287 3
1 809160 3 94689 2 757769 3
1 625100 2 376148 1 366958 3
2 55129 3 829874 0 495221 0
2 330701 3 761589 0 681530 1
1 816169 1 255016 1 187436 2
2 945205 1 224119 1 362939 0
1 246249 3 841243 2 897695 1
1 909268 1 668906 1 904724 3
1 102607 0 114440 0 57233 1
1 761021 3 215557 2 917436 1
2 796727 1 417301 0 700876 0
1 598571 1 270076 3 331947 2
2 753023 1 835103 2 115278 3
2 688863 0 351217 1 619923 2
2 537359 3 14403 2 595452 0
1 296329 1 754120 0 201670 1
1 49969 3 699605 1 398065 0
2 513343 3 465734 2 385012 3
2 4935 2 389963 3 422881 2
2 18334 2 318852 3 591727 0
2 309750 1 161359 3 609405 0
1 7470 0 370392 1 461684 2
2 846696 2 956871 3 553156 2
1 976037 0 852068 3 652678 0
1 760758 0 551302 0 890118 1
2 15875 2 141996 1 34706 0
1 12742 2 332585 2 1592 0
1 71100 2 686756 2 969250 0
2 138281 0 866896 3 19045 2
2 425515 3 432478 2 253541 2
2 288248 2 41597 2 468081 2
2 986025 3 453259 2 398041 3
1 367292 0 662125 1 453992 1
1 473037 3 406863 0 110783 1
1 364324 0 321029 0 566086 2
2 34167 1 179400 1 982208 3
2 380249 2 214287 1 570 0
1 454563 2 690430 0 901709 1
2 12492 3 231503 1 415859 1
2 89810 2 91378 2 522805 0
2 321549 0 801727 0 447 3
1 908084 1 557663 2 279291 1
1 289819 1 253488 3 911667 1
1 438706 0 388775 1 446447 1
2 485604 1 767389 2 623418 0
1 623865 3 519900 2 30569 3
1 826212 0 905822 3 563578 3
1 475245 0 212554 3 681137 2
1 127584 3 690096 0 43209 1
1 666627 1 248956 0 360213 0
1 907134 3 77270 2 399904 1
1 963482 0 326228 3 626524 3
1 307661 1 827851 1 287004 3
1 330213 0 17832 0 100145 1
2 976710 1 175183 0 914769 2
2 314673 3 15625 3 443359 1
1 586235 0 618616 1 602509 3
1 889514 2 959336 3 37958 1
1 138104 2 85661 2 828659 0
2 259780 2 164906 1 330605 3
1 773964 0 634898 0 468429 3
2 587290 2 648647 0 278861 0
1 316819 1 494860 3 378167 1
1 723178 1 633805 3 936424 3
1 783381 2 475429 2 567034 3
1 551815 2 237051 2 161937 2
1 440798 2 861498 1 111539 2
2 6058 3 364039 1 360005 0
1 812781 3 818664 2 841205 1
1 924591 1 136462 3 833671 1
2 511960 0 747775 2 785598 2
1 413490 0 21029 0 624 0
2 876981 0 410037 2 761227 2
1 602432 3 504841 3 992624 3
1 826296 1 135295 0 306733 3
2 92331 1 583151 1 556089 0
1 556713 0 139563 2 921216 1
1 198795 3 958437 3 366506 2
1 359131 1 880737 3 152102 0
2 975187 3 396458 3 489560 1
1 562002 1 564118 3 605741 2
1 43309 3 224922 0 580642 3
2 463500 1 404286 3 300275 3
1 968729 3 113502 1 265567 0
1 271479 2 133832 1 106063 3
2 228157 1 53663 2 687620 1
2 784614 1 73254 2 173990 0
1 990617 3 660564 3 129027 2
1 910946 3 463756 1 322653 0
2 945068 3 517160 1 246228 3
1 450200 0 474615 2 376761 1
2 67104 2 619083 1 369733 3
1 15112 2 985740 2 886797 0
1 725802 1 673447 2 924384 3
1 170613 2 321492 1 159894 3
1 53008 0 887613 0 951146 0
2 320880 3 260310 0 389113 2
2 275910 3 952295 0 324392 2
2 248776 1 65735 1 126835 3
2 803081 2 444887 1 76366 0
2 27513 0 186739 1 690947 1
2 80061 3 528196 3 454054 3
1 778446 1 579323 3 987990 2
1 114825 1 68575 3 248323 2
1 324689 2 266550 2 266918 1
2 957866 2 450389 3 142493 1
1 596548 1 816990 2 630718 1
2 618709 3 946942 2 622712 1
2 871035 0 974494 1 956702 0
2 739973 1 313931 3 143727 0
1 286220 1 195072 0 783742 3
2 414461 0 758092 2 515156 2
1 654220 0 999906 0 831292 0
2 304346 0 334316 3 458833 3
1 602560 3 543332 0 220881 1
2 520975 0 127424 0 224252 0
1 255760 3 317071 1 376511 1
2 207803 1 221626 1 539525 2
2 998358 2 847683 2 682165 0
1 419398 1 359359 2 945297 3
1 685901 0 909825 2 995555 0
2 888418 1 835936 1 867954 2
1 407479 0 230247 1 883102 3
2 81620 3 561861 2 663776 1
1 125425 0 866259 2 296656 0
1 808563 0 670039 1 579557 3
1 963863 1 466981 2 242450 0
2 641904 3 816638 0 309514 3
2 489642 0 214991 3 740429 2
1 553437 2 244790 1 409370 2
1 505279 1 917593 2 533399 2
1 292201 2 650367 1 922370 1
1 231884 1 431229 3 694281 0
1 951062 3 312044 0 650213 3
2 575936 1 507243 3 441526 0
1 491277 2 939898 2 472973 2
1 395343 3 924270 3 935480 3
1 146114 3 718053 0 827302 1
1 993868 0 49937 0 607653 1
1 174531 0 131014 3 124448 3
2 794328 1 71102 0 621477 2
2 111565 1 283227 0 982376 2
1 13325 1 123103 2 310302 0
1 977705 0 501784 0 362940 2
2 487388 1 908800 1 916775 2
2 54604 0 467238 1 782026 1
2 280754 3 366472 3 220460 3
2 530762 0 84715 3 787516 0
1 150456 2 128107 0 443932 0
2 360707 2 806038 3 136835 0
2 435213 1 718722 3 665364 2
2 885824 2 327764 2 132738 0
1 920254 0 167518 2 767334 1
1 727618 1 177172 1 865696 2
2 2531 3 634174 0 345636 0
2 11001 3 196462 1 78269 3
1 211007 3 303874 1 517447 0
2 801133 1 459581 0 648607 1
2 514303 0 186122 2 941859 0
1 287495 1 173697 0 676692 0
1 754961 3 574142 0 929206 0
2 446653 0 331904 2 181833 1
1 346792 3 942672 3 597259 2
2 55470 3 914267 1 671340 1
1 348032 1 902192 1 934272 2
2 863478 2 198894 3 285518 2
2 983703 3 883512 0 815930 0
2 929541 2 634929 3 936773 0
2 124465 1 518495 1 160694 3
1 94966 1 193507 0 833131 1
2 635001 3 891901 0 827243 1
1 643173 1 173496 3 105631 1
1 558757 1 918407 2 543839 2
1 220885 1 796618 0 852722 2
1 685853 3 608280 2 887487 1
2 231082 2 437815 3 942599 3
1 48230 0 37401 3 326414 0
1 386605 3 994986 2 348412 0
1 201135 2 230343 0 229666 3
2 633505 0 212810 3 163454 1
1 622405 1 734869 3 230729 2
2 557143 2 633241 0 702549 3
2 567314 3 507285 1 266970 0
2 496636 3 445040 1 980463 2
1 660269 0 798978 2 119469 3
1 866550 1 296341 2 99604 2
1 318505 1 984089 3 526696 3
1 793666 3 375114 2 387015 2
2 367478 1 480579 0 851889 2
1 487710 1 812788 0 184931 1
1 800887 3 210805 0 629224 2
1 155921 1 724888 3 980681 2
1 367696 1 725741 2 979922 1
1 348163 3 138753 1 364692 1
2 65975 3 33496 2 132086 1
2 277663 3 540523 0 190873 3
2 171554 2 172117 2 867331 3
1 363605 0 619107 0 171819 0
2 52863 1 319534 3 319128 2
2 967567 3 4660 2 618287 3
1 809160 3 94689 2 757769 3
1 625100 2 376148 1 366958 3
2 55129 3 829874 0 495221 0
2 330701 3 761589 0 681530 1
1 816169 1 255016 1 187436 2
2 945205 1 224119 1 362939 0
1 246249 3 841243 2 897695 1
1 909268 1 668906 1 904724 3
1 102607 0 114440 0 57233 1
1 761021 3 215557 2 917436 1
2 796727 1 417301 0 700876 0
1 598571 1 270076 3 331947 2
2 753023 1 835103 2 115278 3
2 688863 0 351217 1 619923 2
2 537359 3 14403 2 595452 0
1 296329 1 754120 0 201670 1
1 49969 3 699605 1 398065 0
2 513343 3 465734 2 385012 3
2 4935 2 389963 3 422881 2
2 18334 2 318852 3 591727 0
2 309750 1 161359 3 609405 0
1 7470 0 370392 1 461684 2
2 846696 2 956871 3 553156 2
1 976037 0 852068 3 652678 0
1 760758 0 551302 0 890118 1
2 15875 2 141996 1 34706 0
1 12742 2 332585 2 1592 0
1 71100 2 686756 2 969250 0
2 138281 0 866896 3 19045 2
2 425515 3 432478 2 253541 2
2 288248 2 41597 2 468081 2
2 986025 3 453259 2 398041 3
1 367292 0 662125 1 453992 1
1 473037 3 406863 0 110783 1
1 364324 0 321029 0 566086 2
2 34167 1 179400 1 982208 3
2 380249 2 214287 1 570 0
1 454563 2 690430 0 901709 1
2 12492 3 231503 1 415859 1
1 174531 0 131014 3 124448 3
2 794328 1 71102 0 621477 2
2 111565 1 283227 0 982376 2
1 13325 1 123103 2 310302 0
1 977705 0 501784 0 362940 2
2 487388 1 908800 1 916775 2
2 54604 0 467238 1 782026 1
2 280754 3 366472 3 220460 3
2 530762 0 84715 3 787516 0
1 150456 2 128107 0 443932 0
2 360707 2 806038 3 136835 0
2 435213 1 718722 3 665364 2
2 885824 2 327764 2 132738 0
1 920254 0 167518 2 767334 1
1 727618 1 177172 1 865696 2
2 2531 3 634174 0 345636 0
2 11001 3 196462 1 78269 3
1 211007 3 303874 1 517447 0
2 801133 1 459581 0 648607 1
2 514303 0 186122 2 941859 0
1 287495 1 173697 0 676692 0
1 754961 3 574142 0 929206 0
2 446653 0 331904 2 181833 1
1 346792 3 942672 3 597259 2
2 55470 3 914267 1 671340 1
1 348032 1 902192 1 934272 2
2 863478 2 198894 3 285518 2
2 983703 3 883512 0 815930 0
2 929541 2 634929 3 936773 0
2 124465 1 518495 1 160694 3
1 94966 1 193507 0 833131 1
2 635001 3 891901 0 827243 1
1 643173 1 173496 3 105631 1
1 558757 1 918407 2 543839 2
1 220885 1 796618 0 852722 2
1 685853 3 608280 2 887487 1
2 231082 2 437815 3 942599 3
1 48230 0 37401 3 326414 0
1 386605 3 994986 2 348412 0
1 201135 2 230343 0 229666 3
2 633505 0 212810 3 163454 1
1 622405 1 734869 3 230729 2
2 557143 2 633241 0 702549 3
2 567314 3 507285 1 266970 0
2 496636 3 445040 1 980463 2
1 660269 0 798978 2 119469 3
1 866550 1 296341 2 99604 2
1 318505 1 984089 3 526696 3
1 793666 3 375114 2 387015 2
2 367478 1 480579 0 851889 2
1 487710 1 812788 0 184931 1
1 800887 3 210805 0 629224 2
1 155921 1 724888 3 980681 2
1 367696 1 725741 2 979922 1
1 348163 3 138753 1 364692 1
2 65975 3 33496 2 132086 1
2 277663 3 540523 0 190873 3
2 171554 2 172117 2 867331 3
1 363605 0 619107 0 171819 0
2 52863 1 319534 3 319128 2
2 967567 3 4660 2 618287 3
1 809160 3 94689 2 757769 3
1 625100 2 376148 1 366958 3
2 55129 3 829874 0 495221 0
2 330701 3 761589 0 681530 1
1 816169 1 255016 1 187436 2
2 945205 1 224119 1 362939 0
1 246249 3 841243 2 897695 1
1 909268 1 668906 1 904724 3
1 102607 0 114440 0 57233 1
1 761021 3 215557 2 917436 1
2 796727 1 417301 0 700876 0
1 598571 1 270076 3 331947 2
2 753023 1 835103 2 115278 3
2 688863 0 351217 1 619923 2
2 537359 3 14403 2 595452 0
1 296329 1 754120 0 201670 1
1 49969 3 699605 1 398065 0
2 513343 3 465734 2 385012 3
2 4935 2 389963 3 422881 2
2 18334 2 318852 3 591727 0
2 309750 1 161359 3 609405 0
1 7470 0 370392 1 461684 2
2 846696 2 956871 3 553156 2
1 976037 0 852068 3 652678 0
1 760758 0 551302 0 890118 1
2 15875 2 141996 1 34706 0
1 12742 2 332585 2 1592 0
1 71100 2 686756 2 969250 0
2 138281 0 866896 3 19045 2
2 425515 3 432478 2 253541 2
2 288248 2 41597 2 468081 2
2 986025 3 453259 2 398041 3
1 367292 0 662125 1 453992 1
1 473037 3 406863 0 110783 1
1 364324 0 321029 0 566086 2
2 34167 1 179400 1 982208 3
2 380249 2 214287 1 570 0
1 454563 2 690430 0 901709 1
2 12492 3 231503 1 415859 1
1 174531 0 131014 3 124448 3
2 794328 1 71102 0 621477 2
2 111565 1 283227 0 982376 2
1 13325 1 123103 2 310302 0
1 977705 0 501784 0 362940 2
2 487388 1 908800 1 916775 2
2 54604 0 467238 1 782026 1
2 280754 3 366472 3 220460 3
2 530762 0 84715 3 787516 0
1 150456 2 128107 0 443932 0
2 360707 2 806038 3 136835 0
2 435213 1 718722 3 665364 2
2 885824 2 327764 2 132738 0
1 920254 0 167518 2 767334 1
1 727618 1 177172 1 865696 2
2 2531 3 634174 0 345636 0
2 11001 3 196462 1 78269 3
1 211007 3 303874 1 517447 0
2 801133 1 459581 0 648607 1
2 514303 0 186122 2 941859 0
1 287495 1 173697 0 676692 0
1 754961 3 574142 0 929206 0
2 446653 0 331904 2 181833 1
1 346792 3 942672 3 597259 2
2 55470 3 914267 1 671340 1
1 348032 1 902192 1 934272 2
2 863478 2 198894 3 285518 2
2 983703 3 883512 0 815930 0
2 929541 2 634929 3 936773 0
2 124465 1 518495 1 160694 3
1 94966 1 193507 0 833131 1
2 635001 3 891901 0 827243 1
1 643173 1 173496 3 105631 1
1 558757 1 918407 2 543839 2
1 220885 1 796618 0 852722 2
1 685853 3 608280 2 887487 1
2 231082 2 437815 3 942599 3
1 48230 0 37401 3 326414 0
1 386605 3 994986 2 348412 0
1 201135 2 230343 0 229666 3
2 633505 0 212810 3 163454 1
1 622405 1 734869 3 230729 2
2 557143 2 633241 0 702549 3
2 567314 3 507285 1 266970 0
2 496636 3 445040 1 980463 2
1 660269 0 798978 2 119469 3
1 866550 1 296341 2 99604 2
1 318505 1 984089 3 526696 3
1 793666 3 375114 2 387015 2
2 367478 1 480579 0 851889 2
1 487710 1 812788 0 184931 1
1 800887 3 210805 0 629224 2
1 155921 1 724888 3 980681 2
1 367696 1 725741 2 979922 1
1 348163 3 138753 1 364692 1
2 65975 3 33496 2 132086 1
2 277663 3 540523 0 190873 3
2 171554 2 172117 2 867331 3
1 363605 0 619107 0 171819 0
2 52863 1 319534 3 319128 2
2 967567 3 4660 2 618287 3
1 809160 3 94689 2 757769 3
1 625100 2 376148 1 366958 3
2 55129 3 829874 0 495221 0
2 330701 3 761589 0 681530 1
1 816169 1 255016 1 187436 2
2 945205 1 224119 1 362939 0
1 246249 3 841243 2 897695 1
1 909268 1 668906 1 904724 3
1 102607 0 114440 0 57233 1
1 761021 3 215557 2 917436 1
2 796727 1 417301 0 700876 0
1 598571 1 270076 3 331947 2
2 753023 1 835103 2 115278 3
2 688863 0 351217 1 619923 2
2 537359 3 14403 2 595452 0
1 296329 1 754120 0 201670 1
1 49969 3 699605 1 398065 0
2 513343 3 465734 2 385012 3
2 4935 2 389963 3 422881 2
2 18334 2 318852 3 591727 0
2 309750 1 161359 3 609405 0
1 7470 0 370392 1 461684 2
2 846696 2 956871 3 553156 2
1 976037 0 852068 3 652678 0
1 760758 0 551302 0 890118 1
2 15875 2 141996 1 34706 0
1 12742 2 332585 2 1592 0
1 71100 2 686756 2 969250 0
2 138281 0 866896 3 19045 2
2 425515 3 432478 2 253541 2
2 288248 2 41597 2 468081 2
2 986025 3 453259 2 398041 3
1 367292 0 662125 1 453992 1
1 473037 3 406863 0 110783 1
1 364324 0 321029 0 566086 2
2 34167 1 179400 1 982208 3
2 380249 2 214287 1 570 0
1 454563 2 690430 0 901709 1
-1 12492 3 231503 1 415859 1
