2 499442 2 168636 3 428383 2
2 331422 1 166595 3 243134 3
2 777744 1 348431 3 881348 3
2 656794 3 961814 1 876370 1
2 441422 3 257792 1 986697 0
1 931432 2 375024 2 774564 3
2 534050 2 508192 2 49299 3
2 446999 3 409801 1 676638 3
2 69360 0 640052 2 113851 1
2 100548 1 363908 0 594076 0
2 368640 3 165704 2 402685 1
1 968336 0 361250 0 702427 3
2 895417 2 10988 1 65354 1
1 179206 2 992615 2 422215 3
2 532643 3 122922 3 441414 2
2 360451 3 567514 0 558452 0
1 260879 3 845013 1 875185 2
1 940539 3 145690 1 88633 2
1 27200 1 227587 0 655693 1
2 613459 3 814157 3 150715 3
1 801764 2 247020 3 269255 2
2 542630 0 392038 2 955803 0
2 215639 2 633817 3 889905 1
1 236363 2 547194 0 489912 0
1 919894 3 837059 2 890417 3
2 676024 1 148942 3 934390 0
2 890193 1 92978 0 386687 3
2 276592 0 864864 0 18258 2
1 24522 2 417796 0 259094 3
1 665863 3 523851 0 565052 1
2 225519 3 112231 2 42954 0
2 434491 2 312826 2 836641 0
1 925274 2 443332 3 673412 3
2 845457 0 6150 0 725971 3
2 393038 2 768230 1 61469 1
1 620775 2 813059 2 167304 1
2 3946 2 506833 0 762984 1
2 436396 0 459422 1 224272 1
1 466595 0 689949 2 553267 0
2 131088 1 648555 0 692699 3
1 801764 2 247020 3 269255 2
2 542630 0 392038 2 955803 0
2 215639 2 633817 3 889905 1
1 236363 2 547194 0 489912 0
1 919894 3 837059 2 890417 3
2 676024 1 148942 3 934390 0
2 890193 1 92978 0 386687 3
2 276592 0 864864 0 18258 2
1 24522 2 417796 0 259094 3
1 665863 3 523851 0 565052 1
1 801764 2 247020 3 269255 2
2 542630 0 392038 2 955803 0
2 215639 2 633817 3 889905 1
1 236363 2 547194 0 489912 0
1 919894 3 837059 2 890417 3
2 676024 1 148942 3 934390 0
2 890193 1 92978 0 386687 3
2 276592 0 864864 0 18258 2
1 24522 2 417796 0 259094 3
1 665863 3 523851 0 565052 1
1 801764 2 247020 3 269255 2
2 542630 0 392038 2 955803 0
2 215639 2 633817 3 889905 1
1 236363 2 547194 0 489912 0
1 919894 3 837059 2 890417 3
2 676024 1 148942 3 934390 0
2 890193 1 92978 0 386687 3
2 276592 0 864864 0 18258 2
1 24522 2 417796 0 259094 3
1 665863 3 523851 0 565052 1
1 801764 2 247020 3 269255 2
2 542630 0 392038 2 955803 0
2 215639 2 633817 3 889905 1
1 236363 2 547194 0 489912 0
1 919894 3 837059 2 890417 3
2 676024 1 148942 3 934390 0
2 890193 1 92978 0 386687 3
2 276592 0 864864 0 18258 2
1 24522 2 417796 0 259094 3
1 665863 3 523851 0 565052 1
1 376356 0 302835 2 237310 0
1 295 1 772978 3 446325 0
2 186949 1 8371 1 532910 0
2 86177 0 56778 1 44198 2
2 253249 1 808964 1 787153 3
2 540816 0 868486 3 230357 0
1 676683 0 761755 0 604542 2
2 137452 3 95764 1 690355 3
1 250905 1 475432 3 541178 0
1 844683 3 692724 3 866719 2
1 97077 2 969821 0 625594 0
1 746488 3 736330 0 35558 2
2 725913 1 130224 3 875218 0
1 932748 0 196494 0 835303 2
2 702023 0 638598 0 234862 3
1 376809 3 308364 1 390754 2
1 426312 1 663863 2 410482 3
2 285701 3 191779 1 322499 1
2 157803 0 224221 2 793328 3
1 28191 2 329898 0 360289 2
1 801764 2 247020 3 269255 2
2 542630 0 392038 2 955803 0
2 215639 2 633817 3 889905 1
1 236363 2 547194 0 489912 0
1 919894 3 837059 2 890417 3
2 676024 1 148942 3 934390 0
2 890193 1 92978 0 386687 3
2 276592 0 864864 0 18258 2
1 24522 2 417796 0 259094 3
1 665863 3 523851 0 565052 1
1 801764 2 247020 3 269255 2
2 542630 0 392038 2 955803 0
2 215639 2 633817 3 889905 1
1 236363 2 547194 0 489912 0
1 919894 3 837059 2 890417 3
2 676024 1 148942 3 934390 0
2 890193 1 92978 0 386687 3
2 276592 0 864864 0 18258 2
1 24522 2 417796 0 259094 3
1 665863 3 523851 0 565052 1
1 801764 2 247020 3 269255 2
2 542630 0 392038 2 955803 0
2 215639 2 633817 3 889905 1
1 236363 2 547194 0 489912 0
1 919894 3 837059 2 890417 3
2 676024 1 148942 3 934390 0
2 890193 1 92978 0 386687 3
2 276592 0 864864 0 18258 2
1 24522 2 417796 0 259094 3
1 665863 3 523851 0 565052 1
1 801764 2 247020 3 269255 2
2 542630 0 392038 2 955803 0
2 215639 2 633817 3 889905 1
1 236363 2 547194 0 489912 0
1 919894 3 837059 2 890417 3
2 676024 1 148942 3 934390 0
2 890193 1 92978 0 386687 3
2 276592 0 864864 0 18258 2
1 24522 2 417796 0 259094 3
1 665863 3 523851 0 565052 1
1 801764 2 247020 3 269255 2
2 542630 0 392038 2 955803 0
2 215639 2 633817 3 889905 1
1 236363 2 547194 0 489912 0
1 919894 3 837059 2 890417 3
2 676024 1 148942 3 934390 0
2 890193 1 92978 0 386687 3
2 276592 0 864864 0 18258 2
1 24522 2 417796 0 259094 3
1 665863 3 523851 0 565052 1
2 751044 1 568239 0 108802 3
1 519284 2 556739 1 974990 2
2 297489 0 84724 0 963340 1
1 756668 0 555804 3 675706 2
2 552348 1 783565 0 239626 0
1 348428 3 392091 0 708210 2
1 683200 1 761541 1 383197 1
1 346537 3 332860 1 359679 1
2 551738 3 176036 2 847388 1
1 603366 2 953634 2 993425 1
1 801764 2 247020 3 269255 2
2 542630 0 392038 2 955803 0
2 215639 2 633817 3 889905 1
1 236363 2 547194 0 489912 0
1 919894 3 837059 2 890417 3
2 676024 1 148942 3 934390 0
2 890193 1 92978 0 386687 3
2 276592 0 864864 0 18258 2
1 24522 2 417796 0 259094 3
1 665863 3 523851 0 565052 1
1 801764 2 247020 3 269255 2
2 542630 0 392038 2 955803 0
2 215639 2 633817 3 889905 1
1 236363 2 547194 0 489912 0
1 919894 3 837059 2 890417 3
2 676024 1 148942 3 934390 0
2 890193 1 92978 0 386687 3
2 276592 0 864864 0 18258 2
1 24522 2 417796 0 259094 3
1 665863 3 523851 0 565052 1
1 801764 2 247020 3 269255 2
2 542630 0 392038 2 955803 0
2 215639 2 633817 3 889905 1
1 236363 2 547194 0 489912 0
1 919894 3 837059 2 890417 3
2 676024 1 148942 3 934390 0
2 890193 1 92978 0 386687 3
2 276592 0 864864 0 18258 2
1 24522 2 417796 0 259094 3
1 665863 3 523851 0 565052 1
1 801764 2 247020 3 269255 2
2 542630 0 392038 2 955803 0
2 215639 2 633817 3 889905 1
1 236363 2 547194 0 489912 0
1 919894 3 837059 2 890417 3
2 676024 1 148942 3 934390 0
2 890193 1 92978 0 386687 3
2 276592 0 864864 0 18258 2
1 24522 2 417796 0 259094 3
1 665863 3 523851 0 565052 1
1 801764 2 247020 3 269255 2
2 542630 0 392038 2 955803 0
2 215639 2 633817 3 889905 1
1 236363 2 547194 0 489912 0
1 919894 3 837059 2 890417 3
2 676024 1 148942 3 934390 0
2 890193 1 92978 0 386687 3
2 276592 0 864864 0 18258 2
1 24522 2 417796 0 259094 3
1 665863 3 523851 0 565052 1
1 801764 2 247020 3 269255 2
2 542630 0 392038 2 955803 0
2 215639 2 633817 3 889905 1
1 236363 2 547194 0 489912 0
1 919894 3 837059 2 890417 3
2 676024 1 148942 3 934390 0
2 890193 1 92978 0 386687 3
2 276592 0 864864 0 18258 2
1 24522 2 417796 0 259094 3
1 665863 3 523851 0 565052 1
1 801764 2 247020 3 269255 2
2 542630 0 392038 2 955803 0
2 215639 2 633817 3 889905 1
1 236363 2 547194 0 489912 0
1 919894 3 837059 2 890417 3
2 676024 1 148942 3 934390 0
2 890193 1 92978 0 386687 3
2 276592 0 864864 0 18258 2
1 24522 2 417796 0 259094 3
1 665863 3 523851 0 565052 1
1 801764 2 247020 3 269255 2
2 542630 0 392038 2 955803 0
2 215639 2 633817 3 889905 1
1 236363 2 547194 0 489912 0
1 919894 3 837059 2 890417 3
2 676024 1 148942 3 934390 0
2 890193 1 92978 0 386687 3
2 276592 0 864864 0 18258 2
1 24522 2 417796 0 259094 3
1 665863 3 523851 0 565052 1
1 801764 2 247020 3 269255 2
2 542630 0 392038 2 955803 0
2 215639 2 633817 3 889905 1
1 236363 2 547194 0 489912 0
1 919894 3 837059 2 890417 3
2 676024 1 148942 3 934390 0
2 890193 1 92978 0 386687 3
2 276592 0 864864 0 18258 2
1 24522 2 417796 0 259094 3
1 665863 3 523851 0 565052 1
1 801764 2 247020 3 269255 2
2 542630 0 392038 2 955803 0
2 215639 2 633817 3 889905 1
1 236363 2 547194 0 489912 0
1 919894 3 837059 2 890417 3
2 676024 1 148942 3 934390 0
2 890193 1 92978 0 386687 3
2 276592 0 864864 0 18258 2
1 24522 2 417796 0 259094 3
1 665863 3 523851 0 565052 1
1 801764 2 247020 3 269255 2
2 542630 0 392038 2 955803 0
2 215639 2 633817 3 889905 1
1 236363 2 547194 0 489912 0
1 919894 3 837059 2 890417 3
2 676024 1 148942 3 934390 0
2 890193 1 92978 0 386687 3
2 276592 0 864864 0 18258 2
1 24522 2 417796 0 259094 3
1 665863 3 523851 0 565052 1
2 701635 0 41261 3 540961 2
2 924158 3 383267 3 836982 3
1 196662 0 360077 0 960920 2
1 324660 3 776316 3 872529 2
2 382307 0 248384 2 919288 1
1 460249 3 899711 3 774219 2
1 611201 1 127114 3 702010 0
2 662930 2 925101 2 584429 1
2 973311 0 828143 2 572452 3
1 8092 1 457394 1 7676 1
1 801764 2 247020 3 269255 2
2 542630 0 392038 2 955803 0
2 215639 2 633817 3 889905 1
1 236363 2 547194 0 489912 0
1 919894 3 837059 2 890417 3
2 676024 1 148942 3 934390 0
2 890193 1 92978 0 386687 3
2 276592 0 864864 0 18258 2
1 24522 2 417796 0 259094 3
1 665863 3 523851 0 565052 1
1 801764 2 247020 3 269255 2
2 542630 0 392038 2 955803 0
2 215639 2 633817 3 889905 1
1 236363 2 547194 0 489912 0
1 919894 3 837059 2 890417 3
2 676024 1 148942 3 934390 0
2 890193 1 92978 0 386687 3
2 276592 0 864864 0 18258 2
1 24522 2 417796 0 259094 3
1 665863 3 523851 0 565052 1
1 801764 2 247020 3 269255 2
2 542630 0 392038 2 955803 0
2 215639 2 633817 3 889905 1
1 236363 2 547194 0 489912 0
1 919894 3 837059 2 890417 3
2 676024 1 148942 3 934390 0
2 890193 1 92978 0 386687 3
2 276592 0 864864 0 18258 2
1 24522 2 417796 0 259094 3
1 665863 3 523851 0 565052 1
1 801764 2 247020 3 269255 2
2 542630 0 392038 2 955803 0
2 215639 2 633817 3 889905 1
1 236363 2 547194 0 489912 0
1 919894 3 837059 2 890417 3
2 676024 1 148942 3 934390 0
2 890193 1 92978 0 386687 3
2 276592 0 864864 0 18258 2
1 24522 2 417796 0 259094 3
1 665863 3 523851 0 565052 1
1 801764 2 247020 3 269255 2
2 542630 0 392038 2 955803 0
2 215639 2 633817 3 889905 1
1 236363 2 547194 0 489912 0
1 919894 3 837059 2 890417 3
2 676024 1 148942 3 934390 0
2 890193 1 92978 0 386687 3
2 276592 0 864864 0 18258 2
1 24522 2 417796 0 259094 3
1 665863 3 523851 0 565052 1
1 801764 2 247020 3 269255 2
2 542630 0 392038 2 955803 0
2 215639 2 633817 3 889905 1
1 236363 2 547194 0 489912 0
1 919894 3 837059 2 890417 3
2 676024 1 148942 3 934390 0
2 890193 1 92978 0 386687 3
2 276592 0 864864 0 18258 2
1 24522 2 417796 0 259094 3
1 665863 3 523851 0 565052 1
1 801764 2 247020 3 269255 2
2 542630 0 392038 2 955803 0
2 215639 2 633817 3 889905 1
1 236363 2 547194 0 489912 0
1 919894 3 837059 2 890417 3
2 676024 1 148942 3 934390 0
2 890193 1 92978 0 386687 3
2 276592 0 864864 0 18258 2
1 24522 2 417796 0 259094 3
1 665863 3 523851 0 565052 1
1 801764 2 247020 3 269255 2
2 542630 0 392038 2 955803 0
2 215639 2 633817 3 889905 1
1 236363 2 547194 0 489912 0
1 919894 3 837059 2 890417 3
2 676024 1 148942 3 934390 0
2 890193 1 92978 0 386687 3
2 276592 0 864864 0 18258 2
1 24522 2 417796 0 259094 3
1 665863 3 523851 0 565052 1
1 801764 2 247020 3 269255 2
2 542630 0 392038 2 955803 0
2 215639 2 633817 3 889905 1
1 236363 2 547194 0 489912 0
1 919894 3 837059 2 890417 3
2 676024 1 148942 3 934390 0
2 890193 1 92978 0 386687 3
2 276592 0 864864 0 18258 2
1 24522 2 417796 0 259094 3
1 665863 3 523851 0 565052 1
1 801764 2 247020 3 269255 2
2 542630 0 392038 2 955803 0
2 215639 2 633817 3 889905 1
1 236363 2 547194 0 489912 0
1 919894 3 837059 2 890417 3
2 676024 1 148942 3 934390 0
2 890193 1 92978 0 386687 3
2 276592 0 864864 0 18258 2
1 24522 2 417796 0 259094 3
1 665863 3 523851 0 565052 1
1 801764 2 247020 3 269255 2
2 542630 0 392038 2 955803 0
2 215639 2 633817 3 889905 1
1 236363 2 547194 0 489912 0
1 919894 3 837059 2 890417 3
2 676024 1 148942 3 934390 0
2 890193 1 92978 0 386687 3
2 276592 0 864864 0 18258 2
1 24522 2 417796 0 259094 3
1 665863 3 523851 0 565052 1
1 801764 2 247020 3 269255 2
2 542630 0 392038 2 955803 0
2 215639 2 633817 3 889905 1
1 236363 2 547194 0 489912 0
1 919894 3 837059 2 890417 3
2 676024 1 148942 3 934390 0
2 890193 1 92978 0 386687 3
2 276592 0 864864 0 18258 2
1 24522 2 417796 0 259094 3
1 665863 3 523851 0 565052 1
1 801764 2 247020 3 269255 2
2 542630 0 392038 2 955803 0
2 215639 2 633817 3 889905 1
1 236363 2 547194 0 489912 0
1 919894 3 837059 2 890417 3
2 676024 1 148942 3 934390 0
2 890193 1 92978 0 386687 3
2 276592 0 864864 0 18258 2
1 24522 2 417796 0 259094 3
1 665863 3 523851 0 565052 1
1 801764 2 247020 3 269255 2
2 542630 0 392038 2 955803 0
2 215639 2 633817 3 889905 1
1 236363 2 547194 0 489912 0
1 919894 3 837059 2 890417 3
2 676024 1 148942 3 934390 0
2 890193 1 92978 0 386687 3
2 276592 0 864864 0 18258 2
1 24522 2 417796 0 259094 3
1 665863 3 523851 0 565052 1
1 801764 2 247020 3 269255 2
2 542630 0 392038 2 955803 0
2 215639 2 633817 3 889905 1
1 236363 2 547194 0 489912 0
1 919894 3 837059 2 890417 3
2 676024 1 148942 3 934390 0
2 890193 1 92978 0 386687 3
2 276592 0 864864 0 18258 2
1 24522 2 417796 0 259094 3
1 665863 3 523851 0 565052 1
1 801764 2 247020 3 269255 2
2 542630 0 392038 2 955803 0
2 215639 2 633817 3 889905 1
1 236363 2 547194 0 489912 0
1 919894 3 837059 2 890417 3
2 676024 1 148942 3 934390 0
2 890193 1 92978 0 386687 3
2 276592 0 864864 0 18258 2
1 24522 2 417796 0 259094 3
1 665863 3 523851 0 565052 1
1 801764 2 247020 3 269255 2
2 542630 0 392038 2 955803 0
2 215639 2 633817 3 889905 1
1 236363 2 547194 0 489912 0
1 919894 3 837059 2 890417 3
2 676024 1 148942 3 934390 0
2 890193 1 92978 0 386687 3
2 276592 0 864864 0 18258 2
1 24522 2 417796 0 259094 3
1 665863 3 523851 0 565052 1
1 801764 2 247020 3 269255 2
2 542630 0 392038 2 955803 0
2 215639 2 633817 3 889905 1
1 236363 2 547194 0 489912 0
1 919894 3 837059 2 890417 3
2 676024 1 148942 3 934390 0
2 890193 1 92978 0 386687 3
2 276592 0 864864 0 18258 2
1 24522 2 417796 0 259094 3
1 665863 3 523851 0 565052 1
1 298247 3 605962 1 220949 0
1 922959 0 822632 1 308982 1
2 893412 3 38153 3 978631 0
2 67435 3 210957 3 374404 0
1 382081 1 462024 0 214597 2
2 951898 2 372498 1 86739 2
1 395721 3 99633 1 973774 2
1 468757 2 443605 0 45018 3
2 419422 3 188291 3 381076 3
1 112025 1 620665 3 584772 3
1 801764 2 247020 3 269255 2
2 542630 0 392038 2 955803 0
2 215639 2 633817 3 889905 1
1 236363 2 547194 0 489912 0
1 919894 3 837059 2 890417 3
2 676024 1 148942 3 934390 0
2 890193 1 92978 0 386687 3
2 276592 0 864864 0 18258 2
1 24522 2 417796 0 259094 3
1 665863 3 523851 0 565052 1
1 801764 2 247020 3 269255 2
2 542630 0 392038 2 955803 0
2 215639 2 633817 3 889905 1
1 236363 2 547194 0 489912 0
1 919894 3 837059 2 890417 3
2 676024 1 148942 3 934390 0
2 890193 1 92978 0 386687 3
2 276592 0 864864 0 18258 2
1 24522 2 417796 0 259094 3
1 665863 3 523851 0 565052 1
1 801764 2 247020 3 269255 2
2 542630 0 392038 2 955803 0
2 215639 2 633817 3 889905 1
1 236363 2 547194 0 489912 0
1 919894 3 837059 2 890417 3
2 676024 1 148942 3 934390 0
2 890193 1 92978 0 386687 3
2 276592 0 864864 0 18258 2
1 24522 2 417796 0 259094 3
1 665863 3 523851 0 565052 1
1 801764 2 247020 3 269255 2
2 542630 0 392038 2 955803 0
2 215639 2 633817 3 889905 1
1 236363 2 547194 0 489912 0
1 919894 3 837059 2 890417 3
2 676024 1 148942 3 934390 0
2 890193 1 92978 0 386687 3
2 276592 0 864864 0 18258 2
1 24522 2 417796 0 259094 3
1 665863 3 523851 0 565052 1
1 671511 1 948582 0 680213 0
1 170339 2 93982 1 288197 0
2 333215 3 819713 1 547770 0
2 445198 0 101381 0 958381 2
2 543153 2 592632 0 452559 2
2 649124 2 220023 0 357193 1
2 645390 1 182906 1 76448 3
1 140570 0 350791 1 734352 0
2 692733 3 313196 3 438485 0
2 407396 3 797856 1 101881 3
2 975426 1 399954 0 216182 0
2 808983 0 879720 1 661512 3
1 395864 0 743723 1 889607 0
1 844444 0 356796 0 958847 0
2 577081 0 249754 3 20769 0
1 753303 1 805449 2 850753 1
1 512265 1 112570 1 631069 2
1 37028 2 419323 0 392314 3
1 867514 3 507082 3 619655 0
1 156776 1 719482 0 155466 0
1 801764 2 247020 3 269255 2
2 542630 0 392038 2 955803 0
2 215639 2 633817 3 889905 1
1 236363 2 547194 0 489912 0
1 919894 3 837059 2 890417 3
2 676024 1 148942 3 934390 0
2 890193 1 92978 0 386687 3
2 276592 0 864864 0 18258 2
1 24522 2 417796 0 259094 3
1 665863 3 523851 0 565052 1
1 801764 2 247020 3 269255 2
2 542630 0 392038 2 955803 0
2 215639 2 633817 3 889905 1
1 236363 2 547194 0 489912 0
1 919894 3 837059 2 890417 3
2 676024 1 148942 3 934390 0
2 890193 1 92978 0 386687 3
2 276592 0 864864 0 18258 2
1 24522 2 417796 0 259094 3
1 665863 3 523851 0 565052 1
1 522571 1 533262 0 674838 1
2 822259 3 37803 3 931693 2
2 840359 1 939480 1 680369 2
1 816376 2 214979 1 126295 1
2 798113 1 421007 0 251255 2
1 442445 3 880245 1 134934 1
1 66627 3 930160 2 124773 0
1 321494 2 832736 2 68656 3
2 711304 1 59664 1 539682 0
1 790937 2 251030 3 67749 0
1 801764 2 247020 3 269255 2
2 542630 0 392038 2 955803 0
2 215639 2 633817 3 889905 1
1 236363 2 547194 0 489912 0
1 919894 3 837059 2 890417 3
2 676024 1 148942 3 934390 0
2 890193 1 92978 0 386687 3
2 276592 0 864864 0 18258 2
1 24522 2 417796 0 259094 3
1 665863 3 523851 0 565052 1
1 801764 2 247020 3 269255 2
2 542630 0 392038 2 955803 0
2 215639 2 633817 3 889905 1
1 236363 2 547194 0 489912 0
1 919894 3 837059 2 890417 3
2 676024 1 148942 3 934390 0
2 890193 1 92978 0 386687 3
2 276592 0 864864 0 18258 2
1 24522 2 417796 0 259094 3
1 665863 3 523851 0 565052 1
1 801764 2 247020 3 269255 2
2 542630 0 392038 2 955803 0
2 215639 2 633817 3 889905 1
1 236363 2 547194 0 489912 0
1 919894 3 837059 2 890417 3
2 676024 1 148942 3 934390 0
2 890193 1 92978 0 386687 3
2 276592 0 864864 0 18258 2
1 24522 2 417796 0 259094 3
1 665863 3 523851 0 565052 1
1 801764 2 247020 3 269255 2
2 542630 0 392038 2 955803 0
2 215639 2 633817 3 889905 1
1 236363 2 547194 0 489912 0
1 919894 3 837059 2 890417 3
2 676024 1 148942 3 934390 0
2 890193 1 92978 0 386687 3
2 276592 0 864864 0 18258 2
1 24522 2 417796 0 259094 3
1 665863 3 523851 0 565052 1
1 801764 2 247020 3 269255 2
2 542630 0 392038 2 955803 0
2 215639 2 633817 3 889905 1
1 236363 2 547194 0 489912 0
1 919894 3 837059 2 890417 3
2 676024 1 148942 3 934390 0
2 890193 1 92978 0 386687 3
2 276592 0 864864 0 18258 2
1 24522 2 417796 0 259094 3
1 665863 3 523851 0 565052 1
1 801764 2 247020 3 269255 2
2 542630 0 392038 2 955803 0
2 215639 2 633817 3 889905 1
1 236363 2 547194 0 489912 0
1 919894 3 837059 2 890417 3
2 676024 1 148942 3 934390 0
2 890193 1 92978 0 386687 3
2 276592 0 864864 0 18258 2
1 24522 2 417796 0 259094 3
1 665863 3 523851 0 565052 1
1 801764 2 247020 3 269255 2
2 542630 0 392038 2 955803 0
2 215639 2 633817 3 889905 1
1 236363 2 547194 0 489912 0
1 919894 3 837059 2 890417 3
2 676024 1 148942 3 934390 0
2 890193 1 92978 0 386687 3
2 276592 0 864864 0 18258 2
1 24522 2 417796 0 259094 3
1 665863 3 523851 0 565052 1
1 801764 2 247020 3 269255 2
2 542630 0 392038 2 955803 0
2 215639 2 633817 3 889905 1
1 236363 2 547194 0 489912 0
1 919894 3 837059 2 890417 3
2 676024 1 148942 3 934390 0
2 890193 1 92978 0 386687 3
2 276592 0 864864 0 18258 2
1 24522 2 417796 0 259094 3
1 665863 3 523851 0 565052 1
1 719035 1 687488 2 940852 0
1 581977 0 372916 3 868898 1
1 453907 0 701421 3 817305 2
1 873340 2 570138 1 193052 1
1 777153 1 461156 0 34474 1
1 491678 1 556258 0 318990 3
2 704240 0 567525 3 969956 3
1 303614 1 547043 2 788143 1
2 497547 2 287948 0 439851 0
1 474325 1 118146 0 729451 0
1 801764 2 247020 3 269255 2
2 542630 0 392038 2 955803 0
2 215639 2 633817 3 889905 1
1 236363 2 547194 0 489912 0
1 919894 3 837059 2 890417 3
2 676024 1 148942 3 934390 0
2 890193 1 92978 0 386687 3
2 276592 0 864864 0 18258 2
1 24522 2 417796 0 259094 3
1 665863 3 523851 0 565052 1
1 801764 2 247020 3 269255 2
2 542630 0 392038 2 955803 0
2 215639 2 633817 3 889905 1
1 236363 2 547194 0 489912 0
1 919894 3 837059 2 890417 3
2 676024 1 148942 3 934390 0
2 890193 1 92978 0 386687 3
2 276592 0 864864 0 18258 2
1 24522 2 417796 0 259094 3
1 665863 3 523851 0 565052 1
1 801764 2 247020 3 269255 2
2 542630 0 392038 2 955803 0
2 215639 2 633817 3 889905 1
1 236363 2 547194 0 489912 0
1 919894 3 837059 2 890417 3
2 676024 1 148942 3 934390 0
2 890193 1 92978 0 386687 3
2 276592 0 864864 0 18258 2
1 24522 2 417796 0 259094 3
1 665863 3 523851 0 565052 1
1 801764 2 247020 3 269255 2
2 542630 0 392038 2 955803 0
2 215639 2 633817 3 889905 1
1 236363 2 547194 0 489912 0
1 919894 3 837059 2 890417 3
2 676024 1 148942 3 934390 0
2 890193 1 92978 0 386687 3
2 276592 0 864864 0 18258 2
1 24522 2 417796 0 259094 3
1 665863 3 523851 0 565052 1
1 801764 2 247020 3 269255 2
2 542630 0 392038 2 955803 0
2 215639 2 633817 3 889905 1
1 236363 2 547194 0 489912 0
1 919894 3 837059 2 890417 3
2 676024 1 148942 3 934390 0
2 890193 1 92978 0 386687 3
2 276592 0 864864 0 18258 2
1 24522 2 417796 0 259094 3
1 665863 3 523851 0 565052 1
1 801764 2 247020 3 269255 2
2 542630 0 392038 2 955803 0
2 215639 2 633817 3 889905 1
1 236363 2 547194 0 489912 0
1 919894 3 837059 2 890417 3
2 676024 1 148942 3 934390 0
2 890193 1 92978 0 386687 3
2 276592 0 864864 0 18258 2
1 24522 2 417796 0 259094 3
1 665863 3 523851 0 565052 1
1 801764 2 247020 3 269255 2
2 542630 0 392038 2 955803 0
2 215639 2 633817 3 889905 1
1 236363 2 547194 0 489912 0
1 919894 3 837059 2 890417 3
2 676024 1 148942 3 934390 0
2 890193 1 92978 0 386687 3
2 276592 0 864864 0 18258 2
1 24522 2 417796 0 259094 3
1 665863 3 523851 0 565052 1
1 801764 2 247020 3 269255 2
2 542630 0 392038 2 955803 0
2 215639 2 633817 3 889905 1
1 236363 2 547194 0 489912 0
1 919894 3 837059 2 890417 3
2 676024 1 148942 3 934390 0
2 890193 1 92978 0 386687 3
2 276592 0 864864 0 18258 2
1 24522 2 417796 0 259094 3
1 665863 3 523851 0 565052 1
1 801764 2 247020 3 269255 2
2 542630 0 392038 2 955803 0
2 215639 2 633817 3 889905 1
1 236363 2 547194 0 489912 0
1 919894 3 837059 2 890417 3
2 676024 1 148942 3 934390 0
2 890193 1 92978 0 386687 3
2 276592 0 864864 0 18258 2
1 24522 2 417796 0 259094 3
1 665863 3 523851 0 565052 1
1 564793 3 82195 1 320167 1
2 806476 0 299595 2 981405 2
1 285900 0 677331 3 451226 3
2 891078 0 378091 3 677541 1
2 923344 1 436475 1 355981 3
2 192500 0 217056 0 119764 3
1 101169 2 428814 1 359814 2
1 327392 1 261367 2 334865 2
1 528759 3 980689 3 888096 1
2 244077 0 213764 2 136932 0
1 801764 2 247020 3 269255 2
2 542630 0 392038 2 955803 0
2 215639 2 633817 3 889905 1
1 236363 2 547194 0 489912 0
1 919894 3 837059 2 890417 3
2 676024 1 148942 3 934390 0
2 890193 1 92978 0 386687 3
2 276592 0 864864 0 18258 2
1 24522 2 417796 0 259094 3
1 665863 3 523851 0 565052 1
1 801764 2 247020 3 269255 2
2 542630 0 392038 2 955803 0
2 215639 2 633817 3 889905 1
1 236363 2 547194 0 489912 0
1 919894 3 837059 2 890417 3
2 676024 1 148942 3 934390 0
2 890193 1 92978 0 386687 3
2 276592 0 864864 0 18258 2
1 24522 2 417796 0 259094 3
1 665863 3 523851 0 565052 1
1 256696 3 577325 1 859817 3
1 735983 1 464506 0 732767 1
1 583984 3 414776 3 566434 2
2 970882 3 21440 0 781171 0
1 918103 0 636148 3 678903 1
1 538721 1 859358 0 397306 0
1 130073 1 652631 2 996828 3
2 79614 1 908000 0 308208 0
1 89379 0 982402 2 896076 3
2 574980 0 813057 1 633397 3
1 801764 2 247020 3 269255 2
2 542630 0 392038 2 955803 0
2 215639 2 633817 3 889905 1
1 236363 2 547194 0 489912 0
1 919894 3 837059 2 890417 3
2 676024 1 148942 3 934390 0
2 890193 1 92978 0 386687 3
2 276592 0 864864 0 18258 2
1 24522 2 417796 0 259094 3
1 665863 3 523851 0 565052 1
2 547056 3 759190 1 144128 1
2 657308 0 767045 2 974806 1
2 283014 2 601931 2 318186 2
1 214263 1 143918 3 583965 3
1 733715 3 840405 3 207430 3
1 867911 0 898144 3 556053 1
1 47211 2 82265 1 493776 0
2 328315 2 664256 2 504119 2
2 604437 1 300173 0 976300 2
2 700083 2 609527 2 849702 3
2 922107 0 388059 2 578503 0
1 588631 1 67571 2 455755 3
1 959875 1 856753 0 370559 2
1 863211 1 37739 2 135791 2
1 501845 2 257206 1 393206 1
2 971709 2 241871 1 302815 3
2 758570 2 485868 1 130328 1
2 17239 0 701573 2 895165 0
2 30956 3 91385 1 606925 3
1 516483 1 382730 1 625799 1
1 801764 2 247020 3 269255 2
2 542630 0 392038 2 955803 0
2 215639 2 633817 3 889905 1
1 236363 2 547194 0 489912 0
1 919894 3 837059 2 890417 3
2 676024 1 148942 3 934390 0
2 890193 1 92978 0 386687 3
2 276592 0 864864 0 18258 2
1 24522 2 417796 0 259094 3
1 665863 3 523851 0 565052 1
1 801764 2 247020 3 269255 2
2 542630 0 392038 2 955803 0
2 215639 2 633817 3 889905 1
1 236363 2 547194 0 489912 0
1 919894 3 837059 2 890417 3
2 676024 1 148942 3 934390 0
2 890193 1 92978 0 386687 3
2 276592 0 864864 0 18258 2
1 24522 2 417796 0 259094 3
1 665863 3 523851 0 565052 1
1 801764 2 247020 3 269255 2
2 542630 0 392038 2 955803 0
2 215639 2 633817 3 889905 1
1 236363 2 547194 0 489912 0
1 919894 3 837059 2 890417 3
2 676024 1 148942 3 934390 0
2 890193 1 92978 0 386687 3
2 276592 0 864864 0 18258 2
1 24522 2 417796 0 259094 3
1 665863 3 523851 0 565052 1
1 801764 2 247020 3 269255 2
2 542630 0 392038 2 955803 0
2 215639 2 633817 3 889905 1
1 236363 2 547194 0 489912 0
1 919894 3 837059 2 890417 3
2 676024 1 148942 3 934390 0
2 890193 1 92978 0 386687 3
2 276592 0 864864 0 18258 2
1 24522 2 417796 0 259094 3
1 665863 3 523851 0 565052 1
1 444966 0 74877 0 8019 1
1 654699 3 237443 2 984675 1
1 396192 1 512485 0 646668 3
2 769945 2 465760 1 979023 2
1 121174 3 372212 0 472544 1
2 996915 3 240715 2 492962 2
1 993989 3 392292 1 677265 2
2 840285 1 326334 3 10167 2
1 505543 0 187634 1 211788 2
1 684332 3 27943 3 596530 2
1 801764 2 247020 3 269255 2
2 542630 0 392038 2 955803 0
2 215639 2 633817 3 889905 1
1 236363 2 547194 0 489912 0
1 919894 3 837059 2 890417 3
2 676024 1 148942 3 934390 0
2 890193 1 92978 0 386687 3
2 276592 0 864864 0 18258 2
1 24522 2 417796 0 259094 3
1 665863 3 523851 0 565052 1
2 89492 0 689117 1 229400 1
1 423017 3 323695 2 43892 2
2 54060 0 286545 3 180821 3
1 392609 1 444586 1 622721 1
1 219251 3 640105 0 520708 2
2 266460 3 414944 1 945875 3
2 989767 1 342665 3 412554 2
1 593375 2 855159 0 202823 1
2 825544 3 886521 0 29814 2
1 550522 0 294821 2 331887 1
2 277762 1 975591 2 935186 0
2 864092 2 496548 3 599912 3
2 802736 0 571784 0 456431 1
1 486246 3 59320 0 873483 2
2 721723 3 909266 1 610424 1
2 61963 1 676485 3 215988 1
2 815900 0 892382 0 241600 3
2 698032 0 952697 2 423756 2
1 813591 0 656557 2 528179 0
1 654956 1 867223 3 235555 0
1 801764 2 247020 3 269255 2
2 542630 0 392038 2 955803 0
2 215639 2 633817 3 889905 1
1 236363 2 547194 0 489912 0
1 919894 3 837059 2 890417 3
2 676024 1 148942 3 934390 0
2 890193 1 92978 0 386687 3
2 276592 0 864864 0 18258 2
1 24522 2 417796 0 259094 3
1 665863 3 523851 0 565052 1
1 801764 2 247020 3 269255 2
2 542630 0 392038 2 955803 0
2 215639 2 633817 3 889905 1
1 236363 2 547194 0 489912 0
1 919894 3 837059 2 890417 3
2 676024 1 148942 3 934390 0
2 890193 1 92978 0 386687 3
2 276592 0 864864 0 18258 2
1 24522 2 417796 0 259094 3
1 665863 3 523851 0 565052 1
1 801764 2 247020 3 269255 2
2 542630 0 392038 2 955803 0
2 215639 2 633817 3 889905 1
1 236363 2 547194 0 489912 0
1 919894 3 837059 2 890417 3
2 676024 1 148942 3 934390 0
2 890193 1 92978 0 386687 3
2 276592 0 864864 0 18258 2
1 24522 2 417796 0 259094 3
1 665863 3 523851 0 565052 1
1 801764 2 247020 3 269255 2
2 542630 0 392038 2 955803 0
2 215639 2 633817 3 889905 1
1 236363 2 547194 0 489912 0
1 919894 3 837059 2 890417 3
2 676024 1 148942 3 934390 0
2 890193 1 92978 0 386687 3
2 276592 0 864864 0 18258 2
1 24522 2 417796 0 259094 3
1 665863 3 523851 0 565052 1
1 801764 2 247020 3 269255 2
2 542630 0 392038 2 955803 0
2 215639 2 633817 3 889905 1
1 236363 2 547194 0 489912 0
1 919894 3 837059 2 890417 3
2 676024 1 148942 3 934390 0
2 890193 1 92978 0 386687 3
2 276592 0 864864 0 18258 2
1 24522 2 417796 0 259094 3
1 665863 3 523851 0 565052 1
1 801764 2 247020 3 269255 2
2 542630 0 392038 2 955803 0
2 215639 2 633817 3 889905 1
1 236363 2 547194 0 489912 0
1 919894 3 837059 2 890417 3
2 676024 1 148942 3 934390 0
2 890193 1 92978 0 386687 3
2 276592 0 864864 0 18258 2
1 24522 2 417796 0 259094 3
1 665863 3 523851 0 565052 1
1 801764 2 247020 3 269255 2
2 542630 0 392038 2 955803 0
2 215639 2 633817 3 889905 1
1 236363 2 547194 0 489912 0
1 919894 3 837059 2 890417 3
2 676024 1 148942 3 934390 0
2 890193 1 92978 0 386687 3
2 276592 0 864864 0 18258 2
1 24522 2 417796 0 259094 3
1 665863 3 523851 0 565052 1
1 801764 2 247020 3 269255 2
2 542630 0 392038 2 955803 0
2 215639 2 633817 3 889905 1
1 236363 2 547194 0 489912 0
1 919894 3 837059 2 890417 3
2 676024 1 148942 3 934390 0
2 890193 1 92978 0 386687 3
2 276592 0 864864 0 18258 2
1 24522 2 417796 0 259094 3
1 665863 3 523851 0 565052 1
1 801764 2 247020 3 269255 2
2 542630 0 392038 2 955803 0
2 215639 2 633817 3 889905 1
1 236363 2 547194 0 489912 0
1 919894 3 837059 2 890417 3
2 676024 1 148942 3 934390 0
2 890193 1 92978 0 386687 3
2 276592 0 864864 0 18258 2
1 24522 2 417796 0 259094 3
1 665863 3 523851 0 565052 1
1 451543 1 575553 3 306889 0
1 548490 3 165701 2 370927 2
1 311035 0 749958 3 594688 0
2 122868 0 743797 0 488429 1
2 723984 1 203125 3 936879 3
2 243768 3 361755 2 727774 0
1 615053 2 567692 1 358031 3
1 952719 3 776065 3 245563 3
2 733992 0 929914 1 351021 0
1 287900 3 625531 1 223742 2
1 801764 2 247020 3 269255 2
2 542630 0 392038 2 955803 0
2 215639 2 633817 3 889905 1
1 236363 2 547194 0 489912 0
1 919894 3 837059 2 890417 3
2 676024 1 148942 3 934390 0
2 890193 1 92978 0 386687 3
2 276592 0 864864 0 18258 2
1 24522 2 417796 0 259094 3
-1 665863 3 523851 0 565052 1
