1 500804 3 182999 0 19505 3
2 843540 1 66718 2 53396 0
2 87509 0 299245 0 743874 3
2 700811 0 643411 2 713706 1
1 484758 1 671998 2 757672 2
1 777177 1 908258 2 344950 0
1 398346 1 966475 3 479157 0
2 739384 0 600329 3 240668 0
2 470726 1 653646 0 581178 0
2 855203 2 779161 0 569620 3
1 914570 0 965902 1 406125 1
1 885282 2 346576 2 261810 1
2 18830 1 697343 0 672170 1
2 769700 1 935144 3 922684 1
1 8656 1 59438 2 129529 1
2 535654 2 583972 0 704872 0
2 483034 1 143168 0 649858 3
2 838380 0 501870 0 933542 2
1 372578 3 39324 2 134804 2
1 780685 3 89660 3 114526 0
1 819398 0 331935 1 30689 3
2 196899 3 861126 3 572523 0
2 506065 2 909047 3 16738 3
2 667894 2 597042 0 687589 2
2 802115 2 567603 2 997218 2
1 500804 3 182999 0 19505 3
2 843540 1 66718 2 53396 0
2 87509 0 299245 0 743874 3
2 700811 0 643411 2 713706 1
1 484758 1 671998 2 757672 2
1 777177 1 908258 2 344950 0
1 398346 1 966475 3 479157 0
2 739384 0 600329 3 240668 0
2 470726 1 653646 0 581178 0
2 855203 2 779161 0 569620 3
1 914570 0 965902 1 406125 1
1 885282 2 346576 2 261810 1
2 18830 1 697343 0 672170 1
2 769700 1 935144 3 922684 1
1 8656 1 59438 2 129529 1
2 535654 2 583972 0 704872 0
2 483034 1 143168 0 649858 3
2 838380 0 501870 0 933542 2
1 372578 3 39324 2 134804 2
1 780685 3 89660 3 114526 0
1 819398 0 331935 1 30689 3
2 196899 3 861126 3 572523 0
2 506065 2 909047 3 16738 3
2 667894 2 597042 0 687589 2
2 802115 2 567603 2 997218 2
1 500804 3 182999 0 19505 3
2 843540 1 66718 2 53396 0
2 87509 0 299245 0 743874 3
2 700811 0 643411 2 713706 1
1 484758 1 671998 2 757672 2
1 777177 1 908258 2 344950 0
1 398346 1 966475 3 479157 0
2 739384 0 600329 3 240668 0
2 470726 1 653646 0 581178 0
2 855203 2 779161 0 569620 3
1 914570 0 965902 1 406125 1
1 885282 2 346576 2 261810 1
2 18830 1 697343 0 672170 1
2 769700 1 935144 3 922684 1
1 8656 1 59438 2 129529 1
2 535654 2 583972 0 704872 0
2 483034 1 143168 0 649858 3
2 838380 0 501870 0 933542 2
1 372578 3 39324 2 134804 2
1 780685 3 89660 3 114526 0
1 819398 0 331935 1 30689 3
2 196899 3 861126 3 572523 0
2 506065 2 909047 3 16738 3
2 667894 2 597042 0 687589 2
2 802115 2 567603 2 997218 2
1 500804 3 182999 0 19505 3
2 843540 1 66718 2 53396 0
2 87509 0 299245 0 743874 3
2 700811 0 643411 2 713706 1
1 484758 1 671998 2 757672 2
1 777177 1 908258 2 344950 0
1 398346 1 966475 3 479157 0
2 739384 0 600329 3 240668 0
2 470726 1 653646 0 581178 0
2 855203 2 779161 0 569620 3
1 914570 0 965902 1 406125 1
1 885282 2 346576 2 261810 1
2 18830 1 697343 0 672170 1
2 769700 1 935144 3 922684 1
1 8656 1 59438 2 129529 1
2 535654 2 583972 0 704872 0
2 483034 1 143168 0 649858 3
2 838380 0 501870 0 933542 2
1 372578 3 39324 2 134804 2
1 780685 3 89660 3 114526 0
1 819398 0 331935 1 30689 3
2 196899 3 861126 3 572523 0
2 506065 2 909047 3 16738 3
2 667894 2 597042 0 687589 2
2 802115 2 567603 2 997218 2
1 500804 3 182999 0 19505 3
2 843540 1 66718 2 53396 0
2 87509 0 299245 0 743874 3
2 700811 0 643411 2 713706 1
1 484758 1 671998 2 757672 2
1 777177 1 908258 2 344950 0
1 398346 1 966475 3 479157 0
2 739384 0 600329 3 240668 0
2 470726 1 653646 0 581178 0
2 855203 2 779161 0 569620 3
1 914570 0 965902 1 406125 1
1 885282 2 346576 2 261810 1
2 18830 1 697343 0 672170 1
2 769700 1 935144 3 922684 1
1 8656 1 59438 2 129529 1
2 535654 2 583972 0 704872 0
2 483034 1 143168 0 649858 3
2 838380 0 501870 0 933542 2
1 372578 3 39324 2 134804 2
1 780685 3 89660 3 114526 0
1 819398 0 331935 1 30689 3
2 196899 3 861126 3 572523 0
2 506065 2 909047 3 16738 3
2 667894 2 597042 0 687589 2
2 802115 2 567603 2 997218 2
1 500804 3 182999 0 19505 3
2 843540 1 66718 2 53396 0
2 87509 0 299245 0 743874 3
2 700811 0 643411 2 713706 1
1 484758 1 671998 2 757672 2
1 777177 1 908258 2 344950 0
1 398346 1 966475 3 479157 0
2 739384 0 600329 3 240668 0
2 470726 1 653646 0 581178 0
2 855203 2 779161 0 569620 3
1 914570 0 965902 1 406125 1
1 885282 2 346576 2 261810 1
2 18830 1 697343 0 672170 1
2 769700 1 935144 3 922684 1
1 8656 1 59438 2 129529 1
2 535654 2 583972 0 704872 0
2 483034 1 143168 0 649858 3
2 838380 0 501870 0 933542 2
1 372578 3 39324 2 134804 2
1 780685 3 89660 3 114526 0
1 819398 0 331935 1 30689 3
2 196899 3 861126 3 572523 0
2 506065 2 909047 3 16738 3
2 667894 2 597042 0 687589 2
2 802115 2 567603 2 997218 2
1 500804 3 182999 0 19505 3
2 843540 1 66718 2 53396 0
2 87509 0 299245 0 743874 3
2 700811 0 643411 2 713706 1
1 484758 1 671998 2 757672 2
1 777177 1 908258 2 344950 0
1 398346 1 966475 3 479157 0
2 739384 0 600329 3 240668 0
2 470726 1 653646 0 581178 0
2 855203 2 779161 0 569620 3
1 914570 0 965902 1 406125 1
1 885282 2 346576 2 261810 1
2 18830 1 697343 0 672170 1
2 769700 1 935144 3 922684 1
1 8656 1 59438 2 129529 1
2 535654 2 583972 0 704872 0
2 483034 1 143168 0 649858 3
2 838380 0 501870 0 933542 2
1 372578 3 39324 2 134804 2
1 780685 3 89660 3 114526 0
1 819398 0 331935 1 30689 3
2 196899 3 861126 3 572523 0
2 506065 2 909047 3 16738 3
2 667894 2 597042 0 687589 2
2 802115 2 567603 2 997218 2
1 500804 3 182999 0 19505 3
2 843540 1 66718 2 53396 0
2 87509 0 299245 0 743874 3
2 700811 0 643411 2 713706 1
1 484758 1 671998 2 757672 2
1 777177 1 908258 2 344950 0
1 398346 1 966475 3 479157 0
2 739384 0 600329 3 240668 0
2 470726 1 653646 0 581178 0
2 855203 2 779161 0 569620 3
1 914570 0 965902 1 406125 1
1 885282 2 346576 2 261810 1
2 18830 1 697343 0 672170 1
2 769700 1 935144 3 922684 1
1 8656 1 59438 2 129529 1
2 535654 2 583972 0 704872 0
2 483034 1 143168 0 649858 3
2 838380 0 501870 0 933542 2
1 372578 3 39324 2 134804 2
1 780685 3 89660 3 114526 0
1 819398 0 331935 1 30689 3
2 196899 3 861126 3 572523 0
2 506065 2 909047 3 16738 3
2 667894 2 597042 0 687589 2
2 802115 2 567603 2 997218 2
1 500804 3 182999 0 19505 3
2 843540 1 66718 2 53396 0
2 87509 0 299245 0 743874 3
2 700811 0 643411 2 713706 1
1 484758 1 671998 2 757672 2
1 777177 1 908258 2 344950 0
1 398346 1 966475 3 479157 0
2 739384 0 600329 3 240668 0
2 470726 1 653646 0 581178 0
2 855203 2 779161 0 569620 3
1 914570 0 965902 1 406125 1
1 885282 2 346576 2 261810 1
2 18830 1 697343 0 672170 1
2 769700 1 935144 3 922684 1
1 8656 1 59438 2 129529 1
2 535654 2 583972 0 704872 0
2 483034 1 143168 0 649858 3
2 838380 0 501870 0 933542 2
1 372578 3 39324 2 134804 2
1 780685 3 89660 3 114526 0
1 819398 0 331935 1 30689 3
2 196899 3 861126 3 572523 0
2 506065 2 909047 3 16738 3
2 667894 2 597042 0 687589 2
2 802115 2 567603 2 997218 2
1 500804 3 182999 0 19505 3
2 843540 1 66718 2 53396 0
2 87509 0 299245 0 743874 3
2 700811 0 643411 2 713706 1
1 484758 1 671998 2 757672 2
1 777177 1 908258 2 344950 0
1 398346 1 966475 3 479157 0
2 739384 0 600329 3 240668 0
2 470726 1 653646 0 581178 0
2 855203 2 779161 0 569620 3
1 914570 0 965902 1 406125 1
1 885282 2 346576 2 261810 1
2 18830 1 697343 0 672170 1
2 769700 1 935144 3 922684 1
1 8656 1 59438 2 129529 1
2 535654 2 583972 0 704872 0
2 483034 1 143168 0 649858 3
2 838380 0 501870 0 933542 2
1 372578 3 39324 2 134804 2
1 780685 3 89660 3 114526 0
1 819398 0 331935 1 30689 3
2 196899 3 861126 3 572523 0
2 506065 2 909047 3 16738 3
2 667894 2 597042 0 687589 2
2 802115 2 567603 2 997218 2
1 500804 3 182999 0 19505 3
2 843540 1 66718 2 53396 0
2 87509 0 299245 0 743874 3
2 700811 0 643411 2 713706 1
1 484758 1 671998 2 757672 2
1 777177 1 908258 2 344950 0
1 398346 1 966475 3 479157 0
2 739384 0 600329 3 240668 0
2 470726 1 653646 0 581178 0
2 855203 2 779161 0 569620 3
1 914570 0 965902 1 406125 1
1 885282 2 346576 2 261810 1
2 18830 1 697343 0 672170 1
2 769700 1 935144 3 922684 1
1 8656 1 59438 2 129529 1
2 535654 2 583972 0 704872 0
2 483034 1 143168 0 649858 3
2 838380 0 501870 0 933542 2
1 372578 3 39324 2 134804 2
1 780685 3 89660 3 114526 0
1 819398 0 331935 1 30689 3
2 196899 3 861126 3 572523 0
2 506065 2 909047 3 16738 3
2 667894 2 597042 0 687589 2
2 802115 2 567603 2 997218 2
1 500804 3 182999 0 19505 3
2 843540 1 66718 2 53396 0
2 87509 0 299245 0 743874 3
2 700811 0 643411 2 713706 1
1 484758 1 671998 2 757672 2
1 777177 1 908258 2 344950 0
1 398346 1 966475 3 479157 0
2 739384 0 600329 3 240668 0
2 470726 1 653646 0 581178 0
2 855203 2 779161 0 569620 3
1 914570 0 965902 1 406125 1
1 885282 2 346576 2 261810 1
2 18830 1 697343 0 672170 1
2 769700 1 935144 3 922684 1
1 8656 1 59438 2 129529 1
2 535654 2 583972 0 704872 0
2 483034 1 143168 0 649858 3
2 838380 0 501870 0 933542 2
1 372578 3 39324 2 134804 2
1 780685 3 89660 3 114526 0
1 819398 0 331935 1 30689 3
2 196899 3 861126 3 572523 0
2 506065 2 909047 3 16738 3
2 667894 2 597042 0 687589 2
2 802115 2 567603 2 997218 2
2 27907 2 793652 2 755665 3
2 844540 3 936148 2 850490 0
2 383580 3 38183 2 389757 1
1 77347 3 330382 2 714965 1
1 228535 0 523035 2 237574 0
1 509591 3 290389 3 538298 1
2 905140 1 966691 0 414357 2
2 804114 3 389305 1 511082 3
1 742399 1 360012 2 964253 0
1 201827 0 257680 2 236611 1
2 774909 2 802991 2 395396 2
1 809753 0 858021 3 963711 3
2 991145 2 354365 0 133743 1
1 614348 1 964558 3 346217 2
2 582828 3 142199 2 577617 2
1 973013 0 71966 2 554836 0
1 34899 3 473723 0 209737 0
1 859833 1 980418 1 688947 0
2 35164 2 883358 1 970225 1
2 64194 3 111631 0 751027 1
1 305863 1 314720 2 356308 3
1 82398 3 675450 3 708053 0
1 397000 0 255825 0 317114 0
2 803691 1 124000 2 684545 3
1 435572 1 306828 0 598222 1
1 954531 0 514413 1 575580 3
1 799985 0 428276 1 511984 2
2 829099 2 261067 2 20731 3
1 705276 3 954826 1 105336 3
2 703558 0 29891 1 358604 0
1 934184 0 706882 1 161660 3
1 673644 1 625712 3 158899 3
1 179630 2 701618 3 957953 1
1 63289 0 940745 0 866712 0
2 741668 1 669012 1 314517 2
1 476177 1 890233 1 846666 1
2 5565 0 369859 0 223626 1
2 697932 2 612211 1 711430 0
2 94494 0 18415 3 103941 3
1 934810 1 471094 3 123431 3
2 970097 0 311486 3 345404 1
2 569031 2 263666 3 29801 1
1 741231 1 138014 2 17833 1
2 638127 0 216609 1 972585 3
2 612368 3 126494 2 991711 0
2 337116 1 751692 3 904851 2
1 934652 3 783054 0 385476 0
1 919661 1 732555 0 470409 0
1 959347 3 663707 3 751306 1
2 259370 1 745014 2 863858 2
1 500804 3 182999 0 19505 3
2 843540 1 66718 2 53396 0
2 87509 0 299245 0 743874 3
2 700811 0 643411 2 713706 1
1 484758 1 671998 2 757672 2
1 777177 1 908258 2 344950 0
1 398346 1 966475 3 479157 0
2 739384 0 600329 3 240668 0
2 470726 1 653646 0 581178 0
2 855203 2 779161 0 569620 3
1 914570 0 965902 1 406125 1
1 885282 2 346576 2 261810 1
2 18830 1 697343 0 672170 1
2 769700 1 935144 3 922684 1
1 8656 1 59438 2 129529 1
2 535654 2 583972 0 704872 0
2 483034 1 143168 0 649858 3
2 838380 0 501870 0 933542 2
1 372578 3 39324 2 134804 2
1 780685 3 89660 3 114526 0
1 819398 0 331935 1 30689 3
2 196899 3 861126 3 572523 0
2 506065 2 909047 3 16738 3
2 667894 2 597042 0 687589 2
2 802115 2 567603 2 997218 2
2 285061 0 773855 2 468707 1
1 370535 2 956264 1 71827 3
2 58589 3 495063 0 340258 2
2 607917 3 776537 3 693504 3
2 73714 2 548166 0 595730 1
1 580790 2 23144 1 873260 0
1 945088 3 89508 1 371618 3
2 711876 2 643968 1 725017 1
1 418522 1 716261 0 509371 3
1 621453 0 462206 3 14435 2
2 887695 2 395091 3 198393 3
1 570011 3 923481 0 361569 2
2 602938 3 370522 0 479068 3
2 988439 3 397413 1 3067 0
1 533854 2 482057 2 358785 1
2 557178 0 156202 2 12679 3
1 890600 1 592519 3 184145 1
2 663213 1 61400 1 466444 2
1 985863 2 622738 2 728812 0
1 87597 1 744657 0 925453 3
1 938133 3 762804 1 176732 3
1 877229 1 353624 3 433598 0
1 900042 2 35402 1 774032 0
2 502845 0 863243 2 293937 1
1 735743 0 588944 0 554711 0
2 731444 0 341234 1 607197 2
1 557147 2 922972 1 49129 2
1 823161 3 297774 2 412155 1
2 222445 2 217075 0 343087 0
1 897798 0 651025 2 446600 3
1 53797 1 968792 0 829704 1
2 878833 3 476636 2 499358 2
2 911514 3 493506 3 769754 1
2 112841 1 756915 3 739778 0
1 702730 0 975910 0 120021 2
1 949725 3 501014 2 235663 2
2 735021 0 623962 3 236543 0
1 522649 1 421697 2 926411 0
1 182541 1 384124 3 19457 2
2 139478 0 74680 0 206612 2
1 442275 0 546427 0 854460 1
1 607355 1 637030 1 697667 0
2 140430 0 477033 3 856597 1
1 392406 3 399098 1 591336 2
2 797948 0 636963 3 635520 3
2 6332 0 274055 3 707046 2
1 921065 2 58244 3 239858 1
1 612808 3 141764 2 683034 2
2 274370 0 739948 2 96816 0
2 248688 3 279117 0 979491 0
1 202889 2 645104 2 466776 0
2 222987 2 118971 3 184117 0
2 867151 2 443517 2 848943 1
1 945759 1 591790 0 186088 3
1 165580 3 350880 1 921042 1
1 904170 1 710577 1 487015 1
1 671132 1 353018 0 924587 3
1 289882 0 959054 2 89434 0
1 275522 3 428614 2 394887 3
1 315929 0 334700 3 23869 1
2 510885 2 859265 1 514167 3
2 955107 2 981867 1 21523 2
2 110957 2 459777 3 978926 0
1 890165 3 669858 2 476071 2
2 16292 3 838858 1 473718 0
2 504237 3 11256 0 951930 0
1 973453 2 217669 2 7572 3
2 502850 3 331175 3 782782 1
2 775205 3 90711 1 604483 1
2 78201 1 93278 2 570805 2
2 522735 2 778821 0 97112 2
1 621037 1 84191 3 821536 3
2 604318 0 181420 3 971048 3
2 575531 1 38752 0 862098 2
1 432903 0 827009 2 883279 2
1 500804 3 182999 0 19505 3
2 843540 1 66718 2 53396 0
2 87509 0 299245 0 743874 3
2 700811 0 643411 2 713706 1
1 484758 1 671998 2 757672 2
1 777177 1 908258 2 344950 0
1 398346 1 966475 3 479157 0
2 739384 0 600329 3 240668 0
2 470726 1 653646 0 581178 0
2 855203 2 779161 0 569620 3
1 914570 0 965902 1 406125 1
1 885282 2 346576 2 261810 1
2 18830 1 697343 0 672170 1
2 769700 1 935144 3 922684 1
1 8656 1 59438 2 129529 1
2 535654 2 583972 0 704872 0
2 483034 1 143168 0 649858 3
2 838380 0 501870 0 933542 2
1 372578 3 39324 2 134804 2
1 780685 3 89660 3 114526 0
1 819398 0 331935 1 30689 3
2 196899 3 861126 3 572523 0
2 506065 2 909047 3 16738 3
2 667894 2 597042 0 687589 2
2 802115 2 567603 2 997218 2
1 500804 3 182999 0 19505 3
2 843540 1 66718 2 53396 0
2 87509 0 299245 0 743874 3
2 700811 0 643411 2 713706 1
1 484758 1 671998 2 757672 2
1 777177 1 908258 2 344950 0
1 398346 1 966475 3 479157 0
2 739384 0 600329 3 240668 0
2 470726 1 653646 0 581178 0
2 855203 2 779161 0 569620 3
1 914570 0 965902 1 406125 1
1 885282 2 346576 2 261810 1
2 18830 1 697343 0 672170 1
2 769700 1 935144 3 922684 1
1 8656 1 59438 2 129529 1
2 535654 2 583972 0 704872 0
2 483034 1 143168 0 649858 3
2 838380 0 501870 0 933542 2
1 372578 3 39324 2 134804 2
1 780685 3 89660 3 114526 0
1 819398 0 331935 1 30689 3
2 196899 3 861126 3 572523 0
2 506065 2 909047 3 16738 3
2 667894 2 597042 0 687589 2
2 802115 2 567603 2 997218 2
1 496743 1 65128 0 341666 0
1 163203 3 307627 1 46495 3
2 17543 3 383474 2 511936 2
1 890386 0 548385 2 339876 2
1 223155 1 279811 3 616250 3
2 957916 3 628403 3 640706 2
2 687202 2 101094 1 251665 0
1 763601 2 610034 3 10106 3
2 349982 2 321614 2 547743 1
2 163993 0 679772 1 506032 0
2 146738 2 197078 0 251044 0
1 502709 0 418266 2 722238 0
1 732344 0 962983 2 269590 1
1 817333 2 497557 2 897795 2
2 403827 2 411672 1 311472 2
1 78869 2 988600 2 722366 2
2 960956 2 833595 0 687294 2
2 956884 0 980147 1 32606 1
2 930401 3 440539 0 238653 3
1 66477 2 334708 2 916940 0
2 155659 2 123870 3 714396 1
1 401691 3 650951 3 416979 2
2 965938 3 986448 3 345598 3
1 100603 3 180770 1 805569 2
2 238861 2 72056 0 634368 2
1 500804 3 182999 0 19505 3
2 843540 1 66718 2 53396 0
2 87509 0 299245 0 743874 3
2 700811 0 643411 2 713706 1
1 484758 1 671998 2 757672 2
1 777177 1 908258 2 344950 0
1 398346 1 966475 3 479157 0
2 739384 0 600329 3 240668 0
2 470726 1 653646 0 581178 0
2 855203 2 779161 0 569620 3
1 914570 0 965902 1 406125 1
1 885282 2 346576 2 261810 1
2 18830 1 697343 0 672170 1
2 769700 1 935144 3 922684 1
1 8656 1 59438 2 129529 1
2 535654 2 583972 0 704872 0
2 483034 1 143168 0 649858 3
2 838380 0 501870 0 933542 2
1 372578 3 39324 2 134804 2
1 780685 3 89660 3 114526 0
1 819398 0 331935 1 30689 3
2 196899 3 861126 3 572523 0
2 506065 2 909047 3 16738 3
2 667894 2 597042 0 687589 2
2 802115 2 567603 2 997218 2
1 500804 3 182999 0 19505 3
2 843540 1 66718 2 53396 0
2 87509 0 299245 0 743874 3
2 700811 0 643411 2 713706 1
1 484758 1 671998 2 757672 2
1 777177 1 908258 2 344950 0
1 398346 1 966475 3 479157 0
2 739384 0 600329 3 240668 0
2 470726 1 653646 0 581178 0
2 855203 2 779161 0 569620 3
1 914570 0 965902 1 406125 1
1 885282 2 346576 2 261810 1
2 18830 1 697343 0 672170 1
2 769700 1 935144 3 922684 1
1 8656 1 59438 2 129529 1
2 535654 2 583972 0 704872 0
2 483034 1 143168 0 649858 3
2 838380 0 501870 0 933542 2
1 372578 3 39324 2 134804 2
1 780685 3 89660 3 114526 0
1 819398 0 331935 1 30689 3
2 196899 3 861126 3 572523 0
2 506065 2 909047 3 16738 3
2 667894 2 597042 0 687589 2
2 802115 2 567603 2 997218 2
1 500804 3 182999 0 19505 3
2 843540 1 66718 2 53396 0
2 87509 0 299245 0 743874 3
2 700811 0 643411 2 713706 1
1 484758 1 671998 2 757672 2
1 777177 1 908258 2 344950 0
1 398346 1 966475 3 479157 0
2 739384 0 600329 3 240668 0
2 470726 1 653646 0 581178 0
2 855203 2 779161 0 569620 3
1 914570 0 965902 1 406125 1
1 885282 2 346576 2 261810 1
2 18830 1 697343 0 672170 1
2 769700 1 935144 3 922684 1
1 8656 1 59438 2 129529 1
2 535654 2 583972 0 704872 0
2 483034 1 143168 0 649858 3
2 838380 0 501870 0 933542 2
1 372578 3 39324 2 134804 2
1 780685 3 89660 3 114526 0
1 819398 0 331935 1 30689 3
2 196899 3 861126 3 572523 0
2 506065 2 909047 3 16738 3
2 667894 2 597042 0 687589 2
2 802115 2 567603 2 997218 2
1 348764 3 386460 3 972843 3
2 906174 1 823584 0 842721 0
1 704671 0 64428 3 581627 2
1 903548 0 317487 1 664870 0
1 815590 2 629826 2 804270 2
1 777113 1 89249 3 787614 1
1 146687 1 356556 3 25293 0
1 606920 2 694398 0 492266 1
1 673488 1 255216 2 52308 2
1 856578 0 633650 3 20433 3
1 324399 0 905082 3 424006 2
1 449299 2 560840 0 930564 2
1 939182 3 768622 2 217609 2
1 786269 0 304237 3 359264 3
1 379697 3 142572 1 361927 3
1 785933 1 563038 1 573676 2
2 504240 0 407197 3 678943 0
2 412904 2 706898 1 141243 3
1 500507 2 667614 1 675217 3
1 37145 2 341246 2 232543 0
2 322571 2 415172 0 472686 2
2 667981 2 391736 2 746904 2
2 404499 1 671136 3 640552 2
1 315769 1 467626 2 555835 0
2 304731 0 783360 2 839430 1
1 500804 3 182999 0 19505 3
2 843540 1 66718 2 53396 0
2 87509 0 299245 0 743874 3
2 700811 0 643411 2 713706 1
1 484758 1 671998 2 757672 2
1 777177 1 908258 2 344950 0
1 398346 1 966475 3 479157 0
2 739384 0 600329 3 240668 0
2 470726 1 653646 0 581178 0
2 855203 2 779161 0 569620 3
1 914570 0 965902 1 406125 1
1 885282 2 346576 2 261810 1
2 18830 1 697343 0 672170 1
2 769700 1 935144 3 922684 1
1 8656 1 59438 2 129529 1
2 535654 2 583972 0 704872 0
2 483034 1 143168 0 649858 3
2 838380 0 501870 0 933542 2
1 372578 3 39324 2 134804 2
1 780685 3 89660 3 114526 0
1 819398 0 331935 1 30689 3
2 196899 3 861126 3 572523 0
2 506065 2 909047 3 16738 3
2 667894 2 597042 0 687589 2
2 802115 2 567603 2 997218 2
1 500804 3 182999 0 19505 3
2 843540 1 66718 2 53396 0
2 87509 0 299245 0 743874 3
2 700811 0 643411 2 713706 1
1 484758 1 671998 2 757672 2
1 777177 1 908258 2 344950 0
1 398346 1 966475 3 479157 0
2 739384 0 600329 3 240668 0
2 470726 1 653646 0 581178 0
2 855203 2 779161 0 569620 3
1 914570 0 965902 1 406125 1
1 885282 2 346576 2 261810 1
2 18830 1 697343 0 672170 1
2 769700 1 935144 3 922684 1
1 8656 1 59438 2 129529 1
2 535654 2 583972 0 704872 0
2 483034 1 143168 0 649858 3
2 838380 0 501870 0 933542 2
1 372578 3 39324 2 134804 2
1 780685 3 89660 3 114526 0
1 819398 0 331935 1 30689 3
2 196899 3 861126 3 572523 0
2 506065 2 909047 3 16738 3
2 667894 2 597042 0 687589 2
2 802115 2 567603 2 997218 2
1 500804 3 182999 0 19505 3
2 843540 1 66718 2 53396 0
2 87509 0 299245 0 743874 3
2 700811 0 643411 2 713706 1
1 484758 1 671998 2 757672 2
1 777177 1 908258 2 344950 0
1 398346 1 966475 3 479157 0
2 739384 0 600329 3 240668 0
2 470726 1 653646 0 581178 0
2 855203 2 779161 0 569620 3
1 914570 0 965902 1 406125 1
1 885282 2 346576 2 261810 1
2 18830 1 697343 0 672170 1
2 769700 1 935144 3 922684 1
1 8656 1 59438 2 129529 1
2 535654 2 583972 0 704872 0
2 483034 1 143168 0 649858 3
2 838380 0 501870 0 933542 2
1 372578 3 39324 2 134804 2
1 780685 3 89660 3 114526 0
1 819398 0 331935 1 30689 3
2 196899 3 861126 3 572523 0
2 506065 2 909047 3 16738 3
2 667894 2 597042 0 687589 2
2 802115 2 567603 2 997218 2
1 500804 3 182999 0 19505 3
2 843540 1 66718 2 53396 0
2 87509 0 299245 0 743874 3
2 700811 0 643411 2 713706 1
1 484758 1 671998 2 757672 2
1 777177 1 908258 2 344950 0
1 398346 1 966475 3 479157 0
2 739384 0 600329 3 240668 0
2 470726 1 653646 0 581178 0
2 855203 2 779161 0 569620 3
1 914570 0 965902 1 406125 1
1 885282 2 346576 2 261810 1
2 18830 1 697343 0 672170 1
2 769700 1 935144 3 922684 1
1 8656 1 59438 2 129529 1
2 535654 2 583972 0 704872 0
2 483034 1 143168 0 649858 3
2 838380 0 501870 0 933542 2
1 372578 3 39324 2 134804 2
1 780685 3 89660 3 114526 0
1 819398 0 331935 1 30689 3
2 196899 3 861126 3 572523 0
2 506065 2 909047 3 16738 3
2 667894 2 597042 0 687589 2
2 802115 2 567603 2 997218 2
1 500804 3 182999 0 19505 3
2 843540 1 66718 2 53396 0
2 87509 0 299245 0 743874 3
2 700811 0 643411 2 713706 1
1 484758 1 671998 2 757672 2
1 777177 1 908258 2 344950 0
1 398346 1 966475 3 479157 0
2 739384 0 600329 3 240668 0
2 470726 1 653646 0 581178 0
2 855203 2 779161 0 569620 3
1 914570 0 965902 1 406125 1
1 885282 2 346576 2 261810 1
2 18830 1 697343 0 672170 1
2 769700 1 935144 3 922684 1
1 8656 1 59438 2 129529 1
2 535654 2 583972 0 704872 0
2 483034 1 143168 0 649858 3
2 838380 0 501870 0 933542 2
1 372578 3 39324 2 134804 2
1 780685 3 89660 3 114526 0
1 819398 0 331935 1 30689 3
2 196899 3 861126 3 572523 0
2 506065 2 909047 3 16738 3
2 667894 2 597042 0 687589 2
2 802115 2 567603 2 997218 2
1 500804 3 182999 0 19505 3
2 843540 1 66718 2 53396 0
2 87509 0 299245 0 743874 3
2 700811 0 643411 2 713706 1
1 484758 1 671998 2 757672 2
1 777177 1 908258 2 344950 0
1 398346 1 966475 3 479157 0
2 739384 0 600329 3 240668 0
2 470726 1 653646 0 581178 0
2 855203 2 779161 0 569620 3
1 914570 0 965902 1 406125 1
1 885282 2 346576 2 261810 1
2 18830 1 697343 0 672170 1
2 769700 1 935144 3 922684 1
1 8656 1 59438 2 129529 1
2 535654 2 583972 0 704872 0
2 483034 1 143168 0 649858 3
2 838380 0 501870 0 933542 2
1 372578 3 39324 2 134804 2
1 780685 3 89660 3 114526 0
1 819398 0 331935 1 30689 3
2 196899 3 861126 3 572523 0
2 506065 2 909047 3 16738 3
2 667894 2 597042 0 687589 2
2 802115 2 567603 2 997218 2
1 500804 3 182999 0 19505 3
2 843540 1 66718 2 53396 0
2 87509 0 299245 0 743874 3
2 700811 0 643411 2 713706 1
1 484758 1 671998 2 757672 2
1 777177 1 908258 2 344950 0
1 398346 1 966475 3 479157 0
2 739384 0 600329 3 240668 0
2 470726 1 653646 0 581178 0
2 855203 2 779161 0 569620 3
1 914570 0 965902 1 406125 1
1 885282 2 346576 2 261810 1
2 18830 1 697343 0 672170 1
2 769700 1 935144 3 922684 1
1 8656 1 59438 2 129529 1
2 535654 2 583972 0 704872 0
2 483034 1 143168 0 649858 3
2 838380 0 501870 0 933542 2
1 372578 3 39324 2 134804 2
1 780685 3 89660 3 114526 0
1 819398 0 331935 1 30689 3
2 196899 3 861126 3 572523 0
2 506065 2 909047 3 16738 3
2 667894 2 597042 0 687589 2
2 802115 2 567603 2 997218 2
1 500804 3 182999 0 19505 3
2 843540 1 66718 2 53396 0
2 87509 0 299245 0 743874 3
2 700811 0 643411 2 713706 1
1 484758 1 671998 2 757672 2
1 777177 1 908258 2 344950 0
1 398346 1 966475 3 479157 0
2 739384 0 600329 3 240668 0
2 470726 1 653646 0 581178 0
2 855203 2 779161 0 569620 3
1 914570 0 965902 1 406125 1
1 885282 2 346576 2 261810 1
2 18830 1 697343 0 672170 1
2 769700 1 935144 3 922684 1
1 8656 1 59438 2 129529 1
2 535654 2 583972 0 704872 0
2 483034 1 143168 0 649858 3
2 838380 0 501870 0 933542 2
1 372578 3 39324 2 134804 2
1 780685 3 89660 3 114526 0
1 819398 0 331935 1 30689 3
2 196899 3 861126 3 572523 0
2 506065 2 909047 3 16738 3
2 667894 2 597042 0 687589 2
2 802115 2 567603 2 997218 2
1 500804 3 182999 0 19505 3
2 843540 1 66718 2 53396 0
2 87509 0 299245 0 743874 3
2 700811 0 643411 2 713706 1
1 484758 1 671998 2 757672 2
1 777177 1 908258 2 344950 0
1 398346 1 966475 3 479157 0
2 739384 0 600329 3 240668 0
2 470726 1 653646 0 581178 0
2 855203 2 779161 0 569620 3
1 914570 0 965902 1 406125 1
1 885282 2 346576 2 261810 1
2 18830 1 697343 0 672170 1
2 769700 1 935144 3 922684 1
1 8656 1 59438 2 129529 1
2 535654 2 583972 0 704872 0
2 483034 1 143168 0 649858 3
2 838380 0 501870 0 933542 2
1 372578 3 39324 2 134804 2
1 780685 3 89660 3 114526 0
1 819398 0 331935 1 30689 3
2 196899 3 861126 3 572523 0
2 506065 2 909047 3 16738 3
2 667894 2 597042 0 687589 2
2 802115 2 567603 2 997218 2
1 500804 3 182999 0 19505 3
2 843540 1 66718 2 53396 0
2 87509 0 299245 0 743874 3
2 700811 0 643411 2 713706 1
1 484758 1 671998 2 757672 2
1 777177 1 908258 2 344950 0
1 398346 1 966475 3 479157 0
2 739384 0 600329 3 240668 0
2 470726 1 653646 0 581178 0
2 855203 2 779161 0 569620 3
1 914570 0 965902 1 406125 1
1 885282 2 346576 2 261810 1
2 18830 1 697343 0 672170 1
2 769700 1 935144 3 922684 1
1 8656 1 59438 2 129529 1
2 535654 2 583972 0 704872 0
2 483034 1 143168 0 649858 3
2 838380 0 501870 0 933542 2
1 372578 3 39324 2 134804 2
1 780685 3 89660 3 114526 0
1 819398 0 331935 1 30689 3
2 196899 3 861126 3 572523 0
2 506065 2 909047 3 16738 3
2 667894 2 597042 0 687589 2
2 802115 2 567603 2 997218 2
1 500804 3 182999 0 19505 3
2 843540 1 66718 2 53396 0
2 87509 0 299245 0 743874 3
2 700811 0 643411 2 713706 1
1 484758 1 671998 2 757672 2
1 777177 1 908258 2 344950 0
1 398346 1 966475 3 479157 0
2 739384 0 600329 3 240668 0
2 470726 1 653646 0 581178 0
2 855203 2 779161 0 569620 3
1 914570 0 965902 1 406125 1
1 885282 2 346576 2 261810 1
2 18830 1 697343 0 672170 1
2 769700 1 935144 3 922684 1
1 8656 1 59438 2 129529 1
2 535654 2 583972 0 704872 0
2 483034 1 143168 0 649858 3
2 838380 0 501870 0 933542 2
1 372578 3 39324 2 134804 2
1 780685 3 89660 3 114526 0
1 819398 0 331935 1 30689 3
2 196899 3 861126 3 572523 0
2 506065 2 909047 3 16738 3
2 667894 2 597042 0 687589 2
2 802115 2 567603 2 997218 2
1 312116 3 789757 1 600853 2
2 864109 0 890099 1 455306 3
1 612210 1 56940 3 81627 2
1 637462 2 489591 1 628354 3
1 467784 0 572666 0 590499 0
2 707704 2 853685 2 889454 0
2 861112 3 79447 2 754060 3
1 835687 1 714900 2 543447 3
2 688153 2 50247 1 47039 2
2 153890 2 728538 3 111016 3
2 516822 3 306536 3 696434 3
2 450495 2 285263 2 216027 3
1 275826 2 756436 3 263857 3
1 310896 1 88457 2 996695 3
2 624063 3 792494 2 790634 2
2 487069 1 919134 0 72791 2
1 805170 1 48487 0 958272 3
2 222129 2 197595 1 106612 0
2 619659 0 873249 3 51323 3
2 358309 2 452486 2 315195 0
1 387987 2 72097 1 813284 0
1 771556 3 351833 1 118873 1
1 225485 1 589929 1 971233 2
1 538908 2 506181 2 959104 3
1 790651 3 107299 2 422658 0
1 500804 3 182999 0 19505 3
2 843540 1 66718 2 53396 0
2 87509 0 299245 0 743874 3
2 700811 0 643411 2 713706 1
1 484758 1 671998 2 757672 2
1 777177 1 908258 2 344950 0
1 398346 1 966475 3 479157 0
2 739384 0 600329 3 240668 0
2 470726 1 653646 0 581178 0
2 855203 2 779161 0 569620 3
1 914570 0 965902 1 406125 1
1 885282 2 346576 2 261810 1
2 18830 1 697343 0 672170 1
2 769700 1 935144 3 922684 1
1 8656 1 59438 2 129529 1
2 535654 2 583972 0 704872 0
2 483034 1 143168 0 649858 3
2 838380 0 501870 0 933542 2
1 372578 3 39324 2 134804 2
1 780685 3 89660 3 114526 0
1 819398 0 331935 1 30689 3
2 196899 3 861126 3 572523 0
2 506065 2 909047 3 16738 3
2 667894 2 597042 0 687589 2
2 802115 2 567603 2 997218 2
1 500804 3 182999 0 19505 3
2 843540 1 66718 2 53396 0
2 87509 0 299245 0 743874 3
2 700811 0 643411 2 713706 1
1 484758 1 671998 2 757672 2
1 777177 1 908258 2 344950 0
1 398346 1 966475 3 479157 0
2 739384 0 600329 3 240668 0
2 470726 1 653646 0 581178 0
2 855203 2 779161 0 569620 3
1 914570 0 965902 1 406125 1
1 885282 2 346576 2 261810 1
2 18830 1 697343 0 672170 1
2 769700 1 935144 3 922684 1
1 8656 1 59438 2 129529 1
2 535654 2 583972 0 704872 0
2 483034 1 143168 0 649858 3
2 838380 0 501870 0 933542 2
1 372578 3 39324 2 134804 2
1 780685 3 89660 3 114526 0
1 819398 0 331935 1 30689 3
2 196899 3 861126 3 572523 0
2 506065 2 909047 3 16738 3
2 667894 2 597042 0 687589 2
2 802115 2 567603 2 997218 2
1 500804 3 182999 0 19505 3
2 843540 1 66718 2 53396 0
2 87509 0 299245 0 743874 3
2 700811 0 643411 2 713706 1
1 484758 1 671998 2 757672 2
1 777177 1 908258 2 344950 0
1 398346 1 966475 3 479157 0
2 739384 0 600329 3 240668 0
2 470726 1 653646 0 581178 0
2 855203 2 779161 0 569620 3
1 914570 0 965902 1 406125 1
1 885282 2 346576 2 261810 1
2 18830 1 697343 0 672170 1
2 769700 1 935144 3 922684 1
1 8656 1 59438 2 129529 1
2 535654 2 583972 0 704872 0
2 483034 1 143168 0 649858 3
2 838380 0 501870 0 933542 2
1 372578 3 39324 2 134804 2
1 780685 3 89660 3 114526 0
1 819398 0 331935 1 30689 3
2 196899 3 861126 3 572523 0
2 506065 2 909047 3 16738 3
2 667894 2 597042 0 687589 2
-1 802115 2 567603 2 997218 2
