2 519585 0 393812 2 244480 0
1 292544 2 396032 2 609348 0
1 747672 0 515937 2 509338 3
2 11755 2 461032 3 391431 2
1 924147 1 714669 0 242362 1
1 486842 1 467338 3 993232 2
2 602580 2 3247 0 506002 1
1 531692 0 289505 3 394822 1
1 302606 0 266136 1 29881 1
2 788595 2 71503 2 380692 1
2 373924 3 128938 0 572001 1
1 78003 2 371739 3 196174 0
1 107349 2 211980 3 438950 1
1 468831 2 856249 3 97265 0
2 477957 1 685802 1 450564 0
2 22565 1 736901 0 631000 0
2 343526 1 896109 3 698019 1
1 136969 2 46594 0 77833 3
2 691450 3 977852 3 846244 2
1 296808 2 915081 1 458024 2
2 605376 3 679260 2 563212 1
1 261231 3 809664 0 302369 3
1 896554 2 448988 0 622402 0
2 984998 3 844107 3 634297 0
1 92321 3 86530 1 720850 2
1 284062 0 595434 1 540971 2
2 359692 1 529253 3 569516 1
2 708270 2 150719 0 593689 2
2 227986 3 641664 0 714242 2
2 951444 0 730013 2 867848 3
2 408819 2 306052 0 57311 1
2 143179 3 418066 1 833093 1
1 426782 0 68849 0 350331 1
1 580925 3 91194 1 965396 3
2 833244 3 97730 0 458961 2
1 32624 3 100743 0 150746 1
2 983839 3 121027 1 683911 1
1 550594 2 622226 3 371802 0
1 337198 0 464467 2 746691 1
1 205652 3 488490 0 786826 1
2 519585 0 393812 2 244480 0
1 292544 2 396032 2 609348 0
1 747672 0 515937 2 509338 3
2 11755 2 461032 3 391431 2
1 924147 1 714669 0 242362 1
1 486842 1 467338 3 993232 2
2 602580 2 3247 0 506002 1
1 531692 0 289505 3 394822 1
1 302606 0 266136 1 29881 1
2 788595 2 71503 2 380692 1
2 373924 3 128938 0 572001 1
1 78003 2 371739 3 196174 0
1 107349 2 211980 3 438950 1
1 468831 2 856249 3 97265 0
2 477957 1 685802 1 450564 0
2 22565 1 736901 0 631000 0
2 343526 1 896109 3 698019 1
1 136969 2 46594 0 77833 3
2 691450 3 977852 3 846244 2
1 296808 2 915081 1 458024 2
2 605376 3 679260 2 563212 1
1 261231 3 809664 0 302369 3
1 896554 2 448988 0 622402 0
2 984998 3 844107 3 634297 0
1 92321 3 86530 1 720850 2
1 284062 0 595434 1 540971 2
2 359692 1 529253 3 569516 1
2 708270 2 150719 0 593689 2
2 227986 3 641664 0 714242 2
2 951444 0 730013 2 867848 3
2 408819 2 306052 0 57311 1
2 143179 3 418066 1 833093 1
1 426782 0 68849 0 350331 1
1 580925 3 91194 1 965396 3
2 833244 3 97730 0 458961 2
1 32624 3 100743 0 150746 1
2 983839 3 121027 1 683911 1
1 550594 2 622226 3 371802 0
1 337198 0 464467 2 746691 1
1 205652 3 488490 0 786826 1
2 519585 0 393812 2 244480 0
1 292544 2 396032 2 609348 0
1 747672 0 515937 2 509338 3
2 11755 2 461032 3 391431 2
1 924147 1 714669 0 242362 1
1 486842 1 467338 3 993232 2
2 602580 2 3247 0 506002 1
1 531692 0 289505 3 394822 1
1 302606 0 266136 1 29881 1
2 788595 2 71503 2 380692 1
2 373924 3 128938 0 572001 1
1 78003 2 371739 3 196174 0
1 107349 2 211980 3 438950 1
1 468831 2 856249 3 97265 0
2 477957 1 685802 1 450564 0
2 22565 1 736901 0 631000 0
2 343526 1 896109 3 698019 1
1 136969 2 46594 0 77833 3
2 691450 3 977852 3 846244 2
1 296808 2 915081 1 458024 2
2 605376 3 679260 2 563212 1
1 261231 3 809664 0 302369 3
1 896554 2 448988 0 622402 0
2 984998 3 844107 3 634297 0
1 92321 3 86530 1 720850 2
1 284062 0 595434 1 540971 2
2 359692 1 529253 3 569516 1
2 708270 2 150719 0 593689 2
2 227986 3 641664 0 714242 2
2 951444 0 730013 2 867848 3
2 408819 2 306052 0 57311 1
2 143179 3 418066 1 833093 1
1 426782 0 68849 0 350331 1
1 580925 3 91194 1 965396 3
2 833244 3 97730 0 458961 2
1 32624 3 100743 0 150746 1
2 983839 3 121027 1 683911 1
1 550594 2 622226 3 371802 0
1 337198 0 464467 2 746691 1
1 205652 3 488490 0 786826 1
2 519585 0 393812 2 244480 0
1 292544 2 396032 2 609348 0
1 747672 0 515937 2 509338 3
2 11755 2 461032 3 391431 2
1 924147 1 714669 0 242362 1
1 486842 1 467338 3 993232 2
2 602580 2 3247 0 506002 1
1 531692 0 289505 3 394822 1
1 302606 0 266136 1 29881 1
2 788595 2 71503 2 380692 1
2 373924 3 128938 0 572001 1
1 78003 2 371739 3 196174 0
1 107349 2 211980 3 438950 1
1 468831 2 856249 3 97265 0
2 477957 1 685802 1 450564 0
2 22565 1 736901 0 631000 0
2 343526 1 896109 3 698019 1
1 136969 2 46594 0 77833 3
2 691450 3 977852 3 846244 2
1 296808 2 915081 1 458024 2
2 605376 3 679260 2 563212 1
1 261231 3 809664 0 302369 3
1 896554 2 448988 0 622402 0
2 984998 3 844107 3 634297 0
1 92321 3 86530 1 720850 2
1 284062 0 595434 1 540971 2
2 359692 1 529253 3 569516 1
2 708270 2 150719 0 593689 2
2 227986 3 641664 0 714242 2
2 951444 0 730013 2 867848 3
2 408819 2 306052 0 57311 1
2 143179 3 418066 1 833093 1
1 426782 0 68849 0 350331 1
1 580925 3 91194 1 965396 3
2 833244 3 97730 0 458961 2
1 32624 3 100743 0 150746 1
2 983839 3 121027 1 683911 1
1 550594 2 622226 3 371802 0
1 337198 0 464467 2 746691 1
1 205652 3 488490 0 786826 1
2 519585 0 393812 2 244480 0
1 292544 2 396032 2 609348 0
1 747672 0 515937 2 509338 3
2 11755 2 461032 3 391431 2
1 924147 1 714669 0 242362 1
1 486842 1 467338 3 993232 2
2 602580 2 3247 0 506002 1
1 531692 0 289505 3 394822 1
1 302606 0 266136 1 29881 1
2 788595 2 71503 2 380692 1
2 373924 3 128938 0 572001 1
1 78003 2 371739 3 196174 0
1 107349 2 211980 3 438950 1
1 468831 2 856249 3 97265 0
2 477957 1 685802 1 450564 0
2 22565 1 736901 0 631000 0
2 343526 1 896109 3 698019 1
1 136969 2 46594 0 77833 3
2 691450 3 977852 3 846244 2
1 296808 2 915081 1 458024 2
2 605376 3 679260 2 563212 1
1 261231 3 809664 0 302369 3
1 896554 2 448988 0 622402 0
2 984998 3 844107 3 634297 0
1 92321 3 86530 1 720850 2
1 284062 0 595434 1 540971 2
2 359692 1 529253 3 569516 1
2 708270 2 150719 0 593689 2
2 227986 3 641664 0 714242 2
2 951444 0 730013 2 867848 3
2 408819 2 306052 0 57311 1
2 143179 3 418066 1 833093 1
1 426782 0 68849 0 350331 1
1 580925 3 91194 1 965396 3
2 833244 3 97730 0 458961 2
1 32624 3 100743 0 150746 1
2 983839 3 121027 1 683911 1
1 550594 2 622226 3 371802 0
1 337198 0 464467 2 746691 1
1 205652 3 488490 0 786826 1
2 519585 0 393812 2 244480 0
1 292544 2 396032 2 609348 0
1 747672 0 515937 2 509338 3
2 11755 2 461032 3 391431 2
1 924147 1 714669 0 242362 1
1 486842 1 467338 3 993232 2
2 602580 2 3247 0 506002 1
1 531692 0 289505 3 394822 1
1 302606 0 266136 1 29881 1
2 788595 2 71503 2 380692 1
2 373924 3 128938 0 572001 1
1 78003 2 371739 3 196174 0
1 107349 2 211980 3 438950 1
1 468831 2 856249 3 97265 0
2 477957 1 685802 1 450564 0
2 22565 1 736901 0 631000 0
2 343526 1 896109 3 698019 1
1 136969 2 46594 0 77833 3
2 691450 3 977852 3 846244 2
1 296808 2 915081 1 458024 2
2 605376 3 679260 2 563212 1
1 261231 3 809664 0 302369 3
1 896554 2 448988 0 622402 0
2 984998 3 844107 3 634297 0
1 92321 3 86530 1 720850 2
1 284062 0 595434 1 540971 2
2 359692 1 529253 3 569516 1
2 708270 2 150719 0 593689 2
2 227986 3 641664 0 714242 2
2 951444 0 730013 2 867848 3
2 408819 2 306052 0 57311 1
2 143179 3 418066 1 833093 1
1 426782 0 68849 0 350331 1
1 580925 3 91194 1 965396 3
2 833244 3 97730 0 458961 2
1 32624 3 100743 0 150746 1
2 983839 3 121027 1 683911 1
1 550594 2 622226 3 371802 0
1 337198 0 464467 2 746691 1
1 205652 3 488490 0 786826 1
2 519585 0 393812 2 244480 0
1 292544 2 396032 2 609348 0
1 747672 0 515937 2 509338 3
2 11755 2 461032 3 391431 2
1 924147 1 714669 0 242362 1
1 486842 1 467338 3 993232 2
2 602580 2 3247 0 506002 1
1 531692 0 289505 3 394822 1
1 302606 0 266136 1 29881 1
2 788595 2 71503 2 380692 1
2 373924 3 128938 0 572001 1
1 78003 2 371739 3 196174 0
1 107349 2 211980 3 438950 1
1 468831 2 856249 3 97265 0
2 477957 1 685802 1 450564 0
2 22565 1 736901 0 631000 0
2 343526 1 896109 3 698019 1
1 136969 2 46594 0 77833 3
2 691450 3 977852 3 846244 2
1 296808 2 915081 1 458024 2
2 605376 3 679260 2 563212 1
1 261231 3 809664 0 302369 3
1 896554 2 448988 0 622402 0
2 984998 3 844107 3 634297 0
1 92321 3 86530 1 720850 2
1 284062 0 595434 1 540971 2
2 359692 1 529253 3 569516 1
2 708270 2 150719 0 593689 2
2 227986 3 641664 0 714242 2
2 951444 0 730013 2 867848 3
2 408819 2 306052 0 57311 1
2 143179 3 418066 1 833093 1
1 426782 0 68849 0 350331 1
1 580925 3 91194 1 965396 3
2 833244 3 97730 0 458961 2
1 32624 3 100743 0 150746 1
2 983839 3 121027 1 683911 1
1 550594 2 622226 3 371802 0
1 337198 0 464467 2 746691 1
1 205652 3 488490 0 786826 1
2 519585 0 393812 2 244480 0
1 292544 2 396032 2 609348 0
1 747672 0 515937 2 509338 3
2 11755 2 461032 3 391431 2
1 924147 1 714669 0 242362 1
1 486842 1 467338 3 993232 2
2 602580 2 3247 0 506002 1
1 531692 0 289505 3 394822 1
1 302606 0 266136 1 29881 1
2 788595 2 71503 2 380692 1
2 373924 3 128938 0 572001 1
1 78003 2 371739 3 196174 0
1 107349 2 211980 3 438950 1
1 468831 2 856249 3 97265 0
2 477957 1 685802 1 450564 0
2 22565 1 736901 0 631000 0
2 343526 1 896109 3 698019 1
1 136969 2 46594 0 77833 3
2 691450 3 977852 3 846244 2
1 296808 2 915081 1 458024 2
2 605376 3 679260 2 563212 1
1 261231 3 809664 0 302369 3
1 896554 2 448988 0 622402 0
2 984998 3 844107 3 634297 0
1 92321 3 86530 1 720850 2
1 284062 0 595434 1 540971 2
2 359692 1 529253 3 569516 1
2 708270 2 150719 0 593689 2
2 227986 3 641664 0 714242 2
2 951444 0 730013 2 867848 3
2 408819 2 306052 0 57311 1
2 143179 3 418066 1 833093 1
1 426782 0 68849 0 350331 1
1 580925 3 91194 1 965396 3
2 833244 3 97730 0 458961 2
1 32624 3 100743 0 150746 1
2 983839 3 121027 1 683911 1
1 550594 2 622226 3 371802 0
1 337198 0 464467 2 746691 1
1 205652 3 488490 0 786826 1
2 519585 0 393812 2 244480 0
1 292544 2 396032 2 609348 0
1 747672 0 515937 2 509338 3
2 11755 2 461032 3 391431 2
1 924147 1 714669 0 242362 1
1 486842 1 467338 3 993232 2
2 602580 2 3247 0 506002 1
1 531692 0 289505 3 394822 1
1 302606 0 266136 1 29881 1
2 788595 2 71503 2 380692 1
2 373924 3 128938 0 572001 1
1 78003 2 371739 3 196174 0
1 107349 2 211980 3 438950 1
1 468831 2 856249 3 97265 0
2 477957 1 685802 1 450564 0
2 22565 1 736901 0 631000 0
2 343526 1 896109 3 698019 1
1 136969 2 46594 0 77833 3
2 691450 3 977852 3 846244 2
1 296808 2 915081 1 458024 2
2 605376 3 679260 2 563212 1
1 261231 3 809664 0 302369 3
1 896554 2 448988 0 622402 0
2 984998 3 844107 3 634297 0
1 92321 3 86530 1 720850 2
1 284062 0 595434 1 540971 2
2 359692 1 529253 3 569516 1
2 708270 2 150719 0 593689 2
2 227986 3 641664 0 714242 2
2 951444 0 730013 2 867848 3
2 408819 2 306052 0 57311 1
2 143179 3 418066 1 833093 1
1 426782 0 68849 0 350331 1
1 580925 3 91194 1 965396 3
2 833244 3 97730 0 458961 2
1 32624 3 100743 0 150746 1
2 983839 3 121027 1 683911 1
1 550594 2 622226 3 371802 0
1 337198 0 464467 2 746691 1
1 205652 3 488490 0 786826 1
1 453925 3 506742 0 744694 1
1 944957 2 979184 3 234389 2
1 606191 3 807310 1 914867 1
2 661558 2 591746 2 865361 0
1 168539 2 101327 0 326569 1
2 587615 2 457671 0 86189 3
2 320578 1 171545 1 934856 3
1 366075 0 49397 1 117310 3
2 982671 0 98442 2 939906 1
2 782827 2 382960 2 592732 3
1 678921 2 447489 3 413863 2
1 865072 1 894538 3 364873 0
2 998535 3 735384 2 855515 2
1 795421 3 455147 0 906841 3
1 15926 2 368056 3 21632 1
2 435496 3 718727 0 548820 2
2 430045 2 339552 0 691337 1
1 546853 3 607611 2 975063 2
2 398256 2 385565 2 645012 2
1 182997 3 868785 1 520099 0
2 585271 2 483480 1 307036 1
2 998374 2 402740 3 323085 3
2 814500 1 840728 1 555735 2
2 717100 0 252321 1 581787 2
1 618238 3 470355 2 458453 3
2 765490 0 695428 0 707542 0
2 546980 3 745648 0 279741 1
2 835476 3 201177 0 857995 2
2 956134 1 3967 1 348632 2
2 323437 2 545766 3 754082 2
2 977977 3 227290 1 545994 3
2 825735 0 977027 0 953747 0
1 328094 2 215518 0 788067 1
2 653051 0 701892 1 154670 2
1 425104 1 467264 1 409976 2
1 955970 1 330828 2 324921 3
1 795020 3 238466 2 183169 0
2 971237 2 331352 0 399982 1
2 71004 3 215250 0 318812 2
1 728788 0 859932 3 142674 0
2 519585 0 393812 2 244480 0
1 292544 2 396032 2 609348 0
1 747672 0 515937 2 509338 3
2 11755 2 461032 3 391431 2
1 924147 1 714669 0 242362 1
1 486842 1 467338 3 993232 2
2 602580 2 3247 0 506002 1
1 531692 0 289505 3 394822 1
1 302606 0 266136 1 29881 1
2 788595 2 71503 2 380692 1
2 373924 3 128938 0 572001 1
1 78003 2 371739 3 196174 0
1 107349 2 211980 3 438950 1
1 468831 2 856249 3 97265 0
2 477957 1 685802 1 450564 0
2 22565 1 736901 0 631000 0
2 343526 1 896109 3 698019 1
1 136969 2 46594 0 77833 3
2 691450 3 977852 3 846244 2
1 296808 2 915081 1 458024 2
2 605376 3 679260 2 563212 1
1 261231 3 809664 0 302369 3
1 896554 2 448988 0 622402 0
2 984998 3 844107 3 634297 0
1 92321 3 86530 1 720850 2
1 284062 0 595434 1 540971 2
2 359692 1 529253 3 569516 1
2 708270 2 150719 0 593689 2
2 227986 3 641664 0 714242 2
2 951444 0 730013 2 867848 3
2 408819 2 306052 0 57311 1
2 143179 3 418066 1 833093 1
1 426782 0 68849 0 350331 1
1 580925 3 91194 1 965396 3
2 833244 3 97730 0 458961 2
1 32624 3 100743 0 150746 1
2 983839 3 121027 1 683911 1
1 550594 2 622226 3 371802 0
1 337198 0 464467 2 746691 1
1 205652 3 488490 0 786826 1
2 467595 3 491143 0 17378 1
1 200548 2 342129 1 889768 2
2 289750 3 462259 2 536686 1
1 855499 3 305108 3 835203 1
1 977877 1 833623 1 887121 2
2 420851 0 642875 3 787026 1
1 676794 3 687370 0 914270 1
1 450956 2 249568 3 768921 1
2 120476 2 257901 2 624575 1
2 28048 3 800972 0 19723 3
2 806749 0 445244 3 152747 2
2 583369 3 359145 2 658437 2
2 943710 3 329636 2 464869 2
1 89444 3 255423 1 128058 3
2 664134 3 702100 3 510855 0
2 663603 2 469922 0 594905 0
1 769694 2 687488 0 182933 0
2 647802 2 489187 2 316429 3
2 960840 2 2892 2 883009 1
2 393865 1 82988 0 165000 3
1 276257 3 651147 0 368817 3
1 68102 3 86003 0 993126 3
1 825907 2 406002 3 186216 2
2 69226 3 23931 3 998929 3
2 680281 2 923111 2 74513 2
1 443330 1 310903 0 817709 2
1 327187 1 778599 2 840955 1
1 543524 3 867915 2 740087 2
2 255368 2 694512 1 691300 3
2 765814 2 443734 0 653831 1
2 471540 3 46025 3 672697 0
1 30004 1 924368 0 119073 3
1 375512 2 327527 0 231952 3
2 439604 3 7772 2 896953 2
2 550784 3 233252 1 906743 1
1 579440 2 838282 0 629479 2
2 264904 2 401955 0 788120 3
1 536424 2 386881 0 972945 2
2 869898 0 177770 3 601360 2
1 508103 3 845820 3 343257 3
2 519585 0 393812 2 244480 0
1 292544 2 396032 2 609348 0
1 747672 0 515937 2 509338 3
2 11755 2 461032 3 391431 2
1 924147 1 714669 0 242362 1
1 486842 1 467338 3 993232 2
2 602580 2 3247 0 506002 1
1 531692 0 289505 3 394822 1
1 302606 0 266136 1 29881 1
2 788595 2 71503 2 380692 1
2 373924 3 128938 0 572001 1
1 78003 2 371739 3 196174 0
1 107349 2 211980 3 438950 1
1 468831 2 856249 3 97265 0
2 477957 1 685802 1 450564 0
2 22565 1 736901 0 631000 0
2 343526 1 896109 3 698019 1
1 136969 2 46594 0 77833 3
2 691450 3 977852 3 846244 2
1 296808 2 915081 1 458024 2
2 605376 3 679260 2 563212 1
1 261231 3 809664 0 302369 3
1 896554 2 448988 0 622402 0
2 984998 3 844107 3 634297 0
1 92321 3 86530 1 720850 2
1 284062 0 595434 1 540971 2
2 359692 1 529253 3 569516 1
2 708270 2 150719 0 593689 2
2 227986 3 641664 0 714242 2
2 951444 0 730013 2 867848 3
2 408819 2 306052 0 57311 1
2 143179 3 418066 1 833093 1
1 426782 0 68849 0 350331 1
1 580925 3 91194 1 965396 3
2 833244 3 97730 0 458961 2
1 32624 3 100743 0 150746 1
2 983839 3 121027 1 683911 1
1 550594 2 622226 3 371802 0
1 337198 0 464467 2 746691 1
1 205652 3 488490 0 786826 1
2 519585 0 393812 2 244480 0
1 292544 2 396032 2 609348 0
1 747672 0 515937 2 509338 3
2 11755 2 461032 3 391431 2
1 924147 1 714669 0 242362 1
1 486842 1 467338 3 993232 2
2 602580 2 3247 0 506002 1
1 531692 0 289505 3 394822 1
1 302606 0 266136 1 29881 1
2 788595 2 71503 2 380692 1
2 373924 3 128938 0 572001 1
1 78003 2 371739 3 196174 0
1 107349 2 211980 3 438950 1
1 468831 2 856249 3 97265 0
2 477957 1 685802 1 450564 0
2 22565 1 736901 0 631000 0
2 343526 1 896109 3 698019 1
1 136969 2 46594 0 77833 3
2 691450 3 977852 3 846244 2
1 296808 2 915081 1 458024 2
2 605376 3 679260 2 563212 1
1 261231 3 809664 0 302369 3
1 896554 2 448988 0 622402 0
2 984998 3 844107 3 634297 0
1 92321 3 86530 1 720850 2
1 284062 0 595434 1 540971 2
2 359692 1 529253 3 569516 1
2 708270 2 150719 0 593689 2
2 227986 3 641664 0 714242 2
2 951444 0 730013 2 867848 3
2 408819 2 306052 0 57311 1
2 143179 3 418066 1 833093 1
1 426782 0 68849 0 350331 1
1 580925 3 91194 1 965396 3
2 833244 3 97730 0 458961 2
1 32624 3 100743 0 150746 1
2 983839 3 121027 1 683911 1
1 550594 2 622226 3 371802 0
1 337198 0 464467 2 746691 1
1 205652 3 488490 0 786826 1
2 489089 1 429016 1 34391 0
1 822511 3 214762 3 377385 0
1 350331 2 581819 1 391514 1
1 509226 3 665680 1 926318 1
1 269576 0 867268 1 191413 0
1 225805 0 456124 0 236767 3
1 614153 3 323976 0 850589 3
2 758455 0 891034 2 901403 2
2 827721 3 938940 1 812875 0
1 4289 0 917677 2 746101 1
1 982868 0 783774 1 898979 2
2 749568 1 844331 0 711633 1
1 613036 3 93421 2 909351 1
2 238578 1 943074 3 457414 3
2 203515 0 849484 3 344649 2
2 243628 1 443022 1 787258 1
2 15244 2 825983 0 863854 0
1 289557 2 188854 3 339391 0
2 796805 3 825724 0 776287 0
1 120936 3 68221 1 598532 3
1 902142 1 924391 2 854019 2
2 234225 2 196465 2 203304 3
1 542696 3 888329 1 58982 1
1 351622 2 624638 2 730433 3
2 328965 2 743941 3 35403 0
1 405775 2 759569 0 670245 2
2 873549 2 281109 1 924009 2
2 499344 3 677329 2 305457 3
1 35890 2 193352 3 747984 1
2 299740 2 809865 3 89740 2
2 276337 0 91058 3 448582 3
1 888944 1 903639 0 457801 0
1 279610 3 595482 1 943169 2
1 207506 0 858079 2 880810 0
2 970550 2 140036 0 344607 3
2 309541 2 28315 1 693924 3
2 668077 3 375083 3 461267 2
1 404436 0 8953 2 550936 0
1 431746 1 881005 1 354115 2
2 698722 1 595016 0 404455 3
2 519585 0 393812 2 244480 0
1 292544 2 396032 2 609348 0
1 747672 0 515937 2 509338 3
2 11755 2 461032 3 391431 2
1 924147 1 714669 0 242362 1
1 486842 1 467338 3 993232 2
2 602580 2 3247 0 506002 1
1 531692 0 289505 3 394822 1
1 302606 0 266136 1 29881 1
2 788595 2 71503 2 380692 1
2 373924 3 128938 0 572001 1
1 78003 2 371739 3 196174 0
1 107349 2 211980 3 438950 1
1 468831 2 856249 3 97265 0
2 477957 1 685802 1 450564 0
2 22565 1 736901 0 631000 0
2 343526 1 896109 3 698019 1
1 136969 2 46594 0 77833 3
2 691450 3 977852 3 846244 2
1 296808 2 915081 1 458024 2
2 605376 3 679260 2 563212 1
1 261231 3 809664 0 302369 3
1 896554 2 448988 0 622402 0
2 984998 3 844107 3 634297 0
1 92321 3 86530 1 720850 2
1 284062 0 595434 1 540971 2
2 359692 1 529253 3 569516 1
2 708270 2 150719 0 593689 2
2 227986 3 641664 0 714242 2
2 951444 0 730013 2 867848 3
2 408819 2 306052 0 57311 1
2 143179 3 418066 1 833093 1
1 426782 0 68849 0 350331 1
1 580925 3 91194 1 965396 3
2 833244 3 97730 0 458961 2
1 32624 3 100743 0 150746 1
2 983839 3 121027 1 683911 1
1 550594 2 622226 3 371802 0
1 337198 0 464467 2 746691 1
1 205652 3 488490 0 786826 1
2 519585 0 393812 2 244480 0
1 292544 2 396032 2 609348 0
1 747672 0 515937 2 509338 3
2 11755 2 461032 3 391431 2
1 924147 1 714669 0 242362 1
1 486842 1 467338 3 993232 2
2 602580 2 3247 0 506002 1
1 531692 0 289505 3 394822 1
1 302606 0 266136 1 29881 1
2 788595 2 71503 2 380692 1
2 373924 3 128938 0 572001 1
1 78003 2 371739 3 196174 0
1 107349 2 211980 3 438950 1
1 468831 2 856249 3 97265 0
2 477957 1 685802 1 450564 0
2 22565 1 736901 0 631000 0
2 343526 1 896109 3 698019 1
1 136969 2 46594 0 77833 3
2 691450 3 977852 3 846244 2
1 296808 2 915081 1 458024 2
2 605376 3 679260 2 563212 1
1 261231 3 809664 0 302369 3
1 896554 2 448988 0 622402 0
2 984998 3 844107 3 634297 0
1 92321 3 86530 1 720850 2
1 284062 0 595434 1 540971 2
2 359692 1 529253 3 569516 1
2 708270 2 150719 0 593689 2
2 227986 3 641664 0 714242 2
2 951444 0 730013 2 867848 3
2 408819 2 306052 0 57311 1
2 143179 3 418066 1 833093 1
1 426782 0 68849 0 350331 1
1 580925 3 91194 1 965396 3
2 833244 3 97730 0 458961 2
1 32624 3 100743 0 150746 1
2 983839 3 121027 1 683911 1
1 550594 2 622226 3 371802 0
1 337198 0 464467 2 746691 1
1 205652 3 488490 0 786826 1
2 614731 2 342579 0 617266 2
1 594885 0 526388 1 29389 1
1 96677 2 763156 0 2759 2
2 356874 0 128962 1 982749 2
2 903556 1 819666 0 968004 1
1 101622 0 547944 3 149896 1
1 695637 2 823444 3 561104 1
2 80215 3 800516 2 961375 2
2 944124 0 621956 0 549821 2
1 517825 0 683417 3 65536 1
1 731784 2 528135 2 948073 3
2 25529 0 89532 1 234351 0
2 195726 2 617282 2 505686 2
2 55507 0 902555 1 382840 0
1 448376 2 57791 1 155732 2
2 620157 1 409080 3 941094 0
1 691797 0 876027 0 757242 1
1 262928 3 596665 3 478815 1
1 378008 1 149957 0 418879 0
2 90964 2 195888 1 796587 0
1 254033 0 657296 3 41296 3
2 798538 0 442489 2 308235 3
1 303403 0 337078 3 656273 3
2 591505 3 579749 1 70217 1
1 383157 2 266751 2 33242 3
2 74539 3 481784 1 33059 2
1 857647 1 379854 2 534509 0
2 707134 0 382960 3 996863 1
1 67081 3 891051 2 151657 2
1 184899 1 219506 2 604628 2
1 154040 0 132468 3 621697 2
2 672558 2 564254 1 14982 2
1 11846 0 692145 3 197327 0
2 865336 2 165649 3 404607 3
1 9236 2 23950 0 744714 2
2 882764 0 929460 2 479754 2
2 11089 0 678756 3 899908 1
1 613587 1 212787 3 760503 0
2 165110 0 936945 2 399094 3
1 660160 1 610697 0 884165 1
2 519585 0 393812 2 244480 0
1 292544 2 396032 2 609348 0
1 747672 0 515937 2 509338 3
2 11755 2 461032 3 391431 2
1 924147 1 714669 0 242362 1
1 486842 1 467338 3 993232 2
2 602580 2 3247 0 506002 1
1 531692 0 289505 3 394822 1
1 302606 0 266136 1 29881 1
2 788595 2 71503 2 380692 1
2 373924 3 128938 0 572001 1
1 78003 2 371739 3 196174 0
1 107349 2 211980 3 438950 1
1 468831 2 856249 3 97265 0
2 477957 1 685802 1 450564 0
2 22565 1 736901 0 631000 0
2 343526 1 896109 3 698019 1
1 136969 2 46594 0 77833 3
2 691450 3 977852 3 846244 2
1 296808 2 915081 1 458024 2
2 605376 3 679260 2 563212 1
1 261231 3 809664 0 302369 3
1 896554 2 448988 0 622402 0
2 984998 3 844107 3 634297 0
1 92321 3 86530 1 720850 2
1 284062 0 595434 1 540971 2
2 359692 1 529253 3 569516 1
2 708270 2 150719 0 593689 2
2 227986 3 641664 0 714242 2
2 951444 0 730013 2 867848 3
2 408819 2 306052 0 57311 1
2 143179 3 418066 1 833093 1
1 426782 0 68849 0 350331 1
1 580925 3 91194 1 965396 3
2 833244 3 97730 0 458961 2
1 32624 3 100743 0 150746 1
2 983839 3 121027 1 683911 1
1 550594 2 622226 3 371802 0
1 337198 0 464467 2 746691 1
1 205652 3 488490 0 786826 1
2 519585 0 393812 2 244480 0
1 292544 2 396032 2 609348 0
1 747672 0 515937 2 509338 3
2 11755 2 461032 3 391431 2
1 924147 1 714669 0 242362 1
1 486842 1 467338 3 993232 2
2 602580 2 3247 0 506002 1
1 531692 0 289505 3 394822 1
1 302606 0 266136 1 29881 1
2 788595 2 71503 2 380692 1
2 373924 3 128938 0 572001 1
1 78003 2 371739 3 196174 0
1 107349 2 211980 3 438950 1
1 468831 2 856249 3 97265 0
2 477957 1 685802 1 450564 0
2 22565 1 736901 0 631000 0
2 343526 1 896109 3 698019 1
1 136969 2 46594 0 77833 3
2 691450 3 977852 3 846244 2
1 296808 2 915081 1 458024 2
2 605376 3 679260 2 563212 1
1 261231 3 809664 0 302369 3
1 896554 2 448988 0 622402 0
2 984998 3 844107 3 634297 0
1 92321 3 86530 1 720850 2
1 284062 0 595434 1 540971 2
2 359692 1 529253 3 569516 1
2 708270 2 150719 0 593689 2
2 227986 3 641664 0 714242 2
2 951444 0 730013 2 867848 3
2 408819 2 306052 0 57311 1
2 143179 3 418066 1 833093 1
1 426782 0 68849 0 350331 1
1 580925 3 91194 1 965396 3
2 833244 3 97730 0 458961 2
1 32624 3 100743 0 150746 1
2 983839 3 121027 1 683911 1
1 550594 2 622226 3 371802 0
1 337198 0 464467 2 746691 1
1 205652 3 488490 0 786826 1
2 880271 3 615022 0 507504 2
2 923764 3 597917 0 684184 0
2 961039 1 643546 2 18141 3
1 933587 2 252583 3 240459 0
1 640976 2 816679 0 986365 1
1 10221 0 392312 2 455567 1
1 656104 2 585725 3 571835 0
2 589976 3 141902 3 416558 1
1 657017 1 319390 2 210259 1
1 712977 3 264554 2 358659 2
1 330578 0 193930 2 29790 0
1 601625 0 412527 1 367747 1
1 784305 2 897882 3 755736 1
2 965995 2 107615 0 986521 1
2 861532 0 608411 3 257892 2
2 804034 2 815323 3 172686 3
1 56785 0 894184 3 280251 2
1 35987 3 87139 2 944442 2
2 930963 3 148534 0 177719 1
2 951963 3 196104 1 723045 0
1 895731 3 824324 1 86967 0
1 367218 3 141430 1 101674 1
1 46116 3 667903 0 572006 1
1 749726 2 786887 1 681726 3
2 404771 3 168399 3 782754 0
1 386074 0 79332 0 287215 2
1 388890 3 627094 2 938062 1
1 510068 2 730718 2 717520 1
1 399246 1 968227 2 44072 2
2 343179 2 390245 1 873287 1
2 160502 3 188099 0 688726 1
2 626788 2 945541 0 770680 0
2 4553 1 907191 3 243518 2
2 287591 0 345042 2 657747 3
2 47386 0 875272 0 960611 0
2 165689 1 290736 1 86868 1
1 857548 1 875041 1 655459 0
2 898977 2 506422 0 218750 1
1 392849 0 242769 3 889729 2
1 850340 2 438109 2 158091 1
2 519585 0 393812 2 244480 0
1 292544 2 396032 2 609348 0
1 747672 0 515937 2 509338 3
2 11755 2 461032 3 391431 2
1 924147 1 714669 0 242362 1
1 486842 1 467338 3 993232 2
2 602580 2 3247 0 506002 1
1 531692 0 289505 3 394822 1
1 302606 0 266136 1 29881 1
2 788595 2 71503 2 380692 1
2 373924 3 128938 0 572001 1
1 78003 2 371739 3 196174 0
1 107349 2 211980 3 438950 1
1 468831 2 856249 3 97265 0
2 477957 1 685802 1 450564 0
2 22565 1 736901 0 631000 0
2 343526 1 896109 3 698019 1
1 136969 2 46594 0 77833 3
2 691450 3 977852 3 846244 2
1 296808 2 915081 1 458024 2
2 605376 3 679260 2 563212 1
1 261231 3 809664 0 302369 3
1 896554 2 448988 0 622402 0
2 984998 3 844107 3 634297 0
1 92321 3 86530 1 720850 2
1 284062 0 595434 1 540971 2
2 359692 1 529253 3 569516 1
2 708270 2 150719 0 593689 2
2 227986 3 641664 0 714242 2
2 951444 0 730013 2 867848 3
2 408819 2 306052 0 57311 1
2 143179 3 418066 1 833093 1
1 426782 0 68849 0 350331 1
1 580925 3 91194 1 965396 3
2 833244 3 97730 0 458961 2
1 32624 3 100743 0 150746 1
2 983839 3 121027 1 683911 1
1 550594 2 622226 3 371802 0
1 337198 0 464467 2 746691 1
1 205652 3 488490 0 786826 1
2 519585 0 393812 2 244480 0
1 292544 2 396032 2 609348 0
1 747672 0 515937 2 509338 3
2 11755 2 461032 3 391431 2
1 924147 1 714669 0 242362 1
1 486842 1 467338 3 993232 2
2 602580 2 3247 0 506002 1
1 531692 0 289505 3 394822 1
1 302606 0 266136 1 29881 1
2 788595 2 71503 2 380692 1
2 373924 3 128938 0 572001 1
1 78003 2 371739 3 196174 0
1 107349 2 211980 3 438950 1
1 468831 2 856249 3 97265 0
2 477957 1 685802 1 450564 0
2 22565 1 736901 0 631000 0
2 343526 1 896109 3 698019 1
1 136969 2 46594 0 77833 3
2 691450 3 977852 3 846244 2
1 296808 2 915081 1 458024 2
2 605376 3 679260 2 563212 1
1 261231 3 809664 0 302369 3
1 896554 2 448988 0 622402 0
2 984998 3 844107 3 634297 0
1 92321 3 86530 1 720850 2
1 284062 0 595434 1 540971 2
2 359692 1 529253 3 569516 1
2 708270 2 150719 0 593689 2
2 227986 3 641664 0 714242 2
2 951444 0 730013 2 867848 3
2 408819 2 306052 0 57311 1
2 143179 3 418066 1 833093 1
1 426782 0 68849 0 350331 1
1 580925 3 91194 1 965396 3
2 833244 3 97730 0 458961 2
1 32624 3 100743 0 150746 1
2 983839 3 121027 1 683911 1
1 550594 2 622226 3 371802 0
1 337198 0 464467 2 746691 1
1 205652 3 488490 0 786826 1
2 519585 0 393812 2 244480 0
1 292544 2 396032 2 609348 0
1 747672 0 515937 2 509338 3
2 11755 2 461032 3 391431 2
1 924147 1 714669 0 242362 1
1 486842 1 467338 3 993232 2
2 602580 2 3247 0 506002 1
1 531692 0 289505 3 394822 1
1 302606 0 266136 1 29881 1
2 788595 2 71503 2 380692 1
2 373924 3 128938 0 572001 1
1 78003 2 371739 3 196174 0
1 107349 2 211980 3 438950 1
1 468831 2 856249 3 97265 0
2 477957 1 685802 1 450564 0
2 22565 1 736901 0 631000 0
2 343526 1 896109 3 698019 1
1 136969 2 46594 0 77833 3
2 691450 3 977852 3 846244 2
1 296808 2 915081 1 458024 2
2 605376 3 679260 2 563212 1
1 261231 3 809664 0 302369 3
1 896554 2 448988 0 622402 0
2 984998 3 844107 3 634297 0
1 92321 3 86530 1 720850 2
1 284062 0 595434 1 540971 2
2 359692 1 529253 3 569516 1
2 708270 2 150719 0 593689 2
2 227986 3 641664 0 714242 2
2 951444 0 730013 2 867848 3
2 408819 2 306052 0 57311 1
2 143179 3 418066 1 833093 1
1 426782 0 68849 0 350331 1
1 580925 3 91194 1 965396 3
2 833244 3 97730 0 458961 2
1 32624 3 100743 0 150746 1
2 983839 3 121027 1 683911 1
1 550594 2 622226 3 371802 0
1 337198 0 464467 2 746691 1
1 205652 3 488490 0 786826 1
2 519585 0 393812 2 244480 0
1 292544 2 396032 2 609348 0
1 747672 0 515937 2 509338 3
2 11755 2 461032 3 391431 2
1 924147 1 714669 0 242362 1
1 486842 1 467338 3 993232 2
2 602580 2 3247 0 506002 1
1 531692 0 289505 3 394822 1
1 302606 0 266136 1 29881 1
2 788595 2 71503 2 380692 1
2 373924 3 128938 0 572001 1
1 78003 2 371739 3 196174 0
1 107349 2 211980 3 438950 1
1 468831 2 856249 3 97265 0
2 477957 1 685802 1 450564 0
2 22565 1 736901 0 631000 0
2 343526 1 896109 3 698019 1
1 136969 2 46594 0 77833 3
2 691450 3 977852 3 846244 2
1 296808 2 915081 1 458024 2
2 605376 3 679260 2 563212 1
1 261231 3 809664 0 302369 3
1 896554 2 448988 0 622402 0
2 984998 3 844107 3 634297 0
1 92321 3 86530 1 720850 2
1 284062 0 595434 1 540971 2
2 359692 1 529253 3 569516 1
2 708270 2 150719 0 593689 2
2 227986 3 641664 0 714242 2
2 951444 0 730013 2 867848 3
2 408819 2 306052 0 57311 1
2 143179 3 418066 1 833093 1
1 426782 0 68849 0 350331 1
1 580925 3 91194 1 965396 3
2 833244 3 97730 0 458961 2
1 32624 3 100743 0 150746 1
2 983839 3 121027 1 683911 1
1 550594 2 622226 3 371802 0
1 337198 0 464467 2 746691 1
-1 205652 3 488490 0 786826 1
